#Layer_Color=32768
#
#Feature symbol names
#
$0 r1.9685
$1 r3.937

#
#Feature attribute names
#

#
#Layer features
#
A 2.8149689 4.7933498 2.8149689 4.7933498 2.5787402 4.7933498 0 P 0 N
A 3.0216535 1.4251968 3.0216535 1.4251968 2.9704724 1.4251968 0 P 0 N
A 3.0984151 3.2815062 3.0984151 3.2815062 3.0728245 3.2815062 0 P 0 N
A 3.1515749 3.2455113 3.1515749 3.2455113 3.1259843 3.2455113 0 P 0 N
A 3.4553547 3.375 3.4553547 3.375 3.4297641 3.375 0 P 0 N
A 3.5072768 1.363189 3.5072768 1.363189 3.2710481 1.363189 0 P 0 N
A 3.5826772 3.3179134 3.5826772 3.3179134 3.5570866 3.3179134 0 P 0 N
A 3.5826772 3.3710731 3.5826772 3.3710731 3.5570866 3.3710731 0 P 0 N
A 3.5935038 3.8956693 3.5935038 3.8956693 3.5423227 3.8956693 0 P 0 N
A 3.8730215 3.4625917 3.8730215 3.4625917 3.8474309 3.4625917 0 P 0 N
A 3.9261812 3.4625916 3.9261812 3.4625916 3.9005906 3.4625916 0 P 0 N
A 4.1752168 3.3494094 4.1752168 3.3494094 4.1496262 3.3494094 0 P 0 N
A 4.2037401 4.5059055 4.2037401 4.5059055 4.152559 4.5059055 0 P 0 N
A 4.3720473 3.6811024 4.3720473 3.6811024 4.3464567 3.6811024 0 P 0 N
A 4.4035334 3.6269685 4.4035334 3.6269685 4.3779428 3.6269685 0 P 0 N
A 4.4458662 3.6811125 4.4458662 3.6811125 4.4202756 3.6811125 0 P 0 N
A 4.4655512 4.0515144 4.5662782 3.9507874 4.5662782 4.0515144 0 P 0 N
A 4.5236221 3.6811125 4.5236221 3.6811125 4.4980315 3.6811125 0 P 0 N
A 4.5662782 3.9507874 4.6683072 4.0528164 4.5662782 4.0528164 0 P 0 N
A 4.5675867 4.4173228 4.4655512 4.3152873 4.5675867 4.3152873 0 P 0 N
A 4.6683072 4.3166023 4.5675867 4.4173228 4.5675867 4.3166023 0 P 0 N
A 4.7500102 3.3700787 4.7500102 3.3700787 4.7244196 3.3700787 0 P 0 N
A 4.9694964 1.363189 4.9694964 1.363189 4.7332677 1.363189 0 P 0 N
A 5.0738615 4.4734252 5.0738615 4.4734252 5.0226804 4.4734252 0 P 0 N
A 5.0738616 1.4251968 5.0738616 1.4251968 5.0226805 1.4251968 0 P 0 N
A 5.2037401 4.4714567 5.2037401 4.4714567 5.152559 4.4714567 0 P 0 N
A 5.5285515 4.7933498 5.5285515 4.7933498 5.2923228 4.7933498 0 P 0 N
L 2.2224409 0.8425186 2.2224409 1.3936998 0 P 0
L 2.2224409 0.8425186 2.9114172 0.8425186 0 P 0
L 2.2224409 1.3936998 2.9114172 1.3936998 0 P 0
L 2.2230316 2.906506 2.2230316 3.4576872 0 P 0
L 2.2230316 2.906506 2.9120079 2.906506 0 P 0
L 2.2230316 3.4576872 2.9120079 3.4576872 0 P 0
L 2.3230316 3.4783464 2.3230316 4.015748 0 P 0
L 2.3230316 3.4783464 2.8246064 3.4783464 0 P 0
L 2.3230316 4.015748 2.8246064 4.015748 0 P 0
L 2.3234252 4.0177165 2.3234252 4.5551181 0 P 0
L 2.3234252 4.0177165 2.825 4.0177165 0 P 0
L 2.3234252 4.5551181 2.825 4.5551181 0 P 0
L 2.366132 1.7116141 2.366132 1.8927165 0 P 0
L 2.366132 1.7116141 2.4527462 1.7116141 0 P 0
L 2.366132 1.8927165 2.4527462 1.8927165 0 P 0
L 2.3897541 1.8021653 2.4291241 1.8021653 1 P 0
L 2.3907482 2.4458661 2.3907482 2.5620079 0 P 0
L 2.3907482 2.4458661 2.5285435 2.4458661 0 P 0
L 2.3907482 2.5620079 2.5285435 2.5620079 0 P 0
L 2.3945669 2.6456694 2.3945669 2.7598426 0 P 0
L 2.3945669 2.6456694 2.4457481 2.6456694 0 P 0
L 2.3945669 2.7598426 2.4457481 2.7598426 0 P 0
L 2.4074805 2.5748132 2.4074805 2.6299313 0 P 0
L 2.4074805 2.5748132 2.5098427 2.5748132 0 P 0
L 2.4074805 2.6299313 2.5098427 2.6299313 0 P 0
L 2.4093308 2.702756 2.4309843 2.702756 1 P 0
L 2.4094391 1.7824803 2.4094391 1.8218504 1 P 0
L 2.4201575 2.6919293 2.4201575 2.7135828 1 P 0
L 2.4301182 2.3730315 2.4301182 2.4281496 0 P 0
L 2.4301182 2.3730315 2.5324804 2.3730315 0 P 0
L 2.4301182 2.4281496 2.5324804 2.4281496 0 P 0
L 2.4389765 2.6023723 2.4783466 2.6023723 1 P 0
L 2.4399608 2.503937 2.4793309 2.503937 1 P 0
L 2.4457481 2.6456694 2.4457481 2.7598426 0 P 0
L 2.4527462 1.7116141 2.4527462 1.8927165 0 P 0
L 2.4586616 1.5769685 2.4586616 2.1675197 0 P 0
L 2.4586616 1.5769685 3.0885828 1.5769685 0 P 0
L 2.4586616 2.1675197 3.0885828 2.1675197 0 P 0
L 2.4586616 2.5826872 2.4586616 2.6220573 1 P 0
L 2.4596458 2.484252 2.4596458 2.523622 1 P 0
L 2.4616142 2.4005906 2.5009843 2.4005906 1 P 0
L 2.4655512 2.6515749 2.4655512 2.7539371 0 P 0
L 2.4655512 2.6515749 2.5206693 2.6515749 0 P 0
L 2.4655512 2.7539371 2.5206693 2.7539371 0 P 0
L 2.4734252 2.702756 2.5127953 2.702756 1 P 0
L 2.4812993 2.3809055 2.4812993 2.4202756 1 P 0
L 2.4931103 2.683071 2.4931103 2.7224411 1 P 0
L 2.5098427 2.5748132 2.5098427 2.6299313 0 P 0
L 2.5177165 1.1181092 2.5570865 1.1181092 1 P 0
L 2.5183072 3.1820966 2.5576772 3.1820966 1 P 0
L 2.5206693 2.6515749 2.5206693 2.7539371 0 P 0
L 2.5285435 2.4458661 2.5285435 2.5620079 0 P 0
L 2.5324804 2.3730315 2.5324804 2.4281496 0 P 0
L 2.5374015 1.0984242 2.5374015 1.1377942 1 P 0
L 2.5379922 3.1624116 2.5379922 3.2017816 1 P 0
L 2.5492126 4.7933498 2.5787402 4.7933498 1 P 0
L 2.554134 2.4736419 2.554134 2.5760041 0 P 0
L 2.554134 2.4736419 2.6092521 2.4736419 0 P 0
L 2.554134 2.5760041 2.6092521 2.5760041 0 P 0
L 2.5551181 2.1724508 2.5551181 2.4618208 0 P 0
L 2.5551181 2.1724508 2.7677165 2.1724508 0 P 0
L 2.5551181 2.4618208 2.7677165 2.4618208 0 P 0
L 2.562008 2.524823 2.6013781 2.524823 1 P 0
L 2.5675199 3.7470472 2.6068899 3.7470472 1 P 0
L 2.5679135 4.2864173 2.6072835 4.2864173 1 P 0
L 2.5787402 4.7638222 2.5787402 4.7933498 1 P 0
L 2.5787402 4.7933498 2.5787402 4.8228774 1 P 0
L 2.5787402 4.7933498 2.6082678 4.7933498 1 P 0
L 2.581693 2.5051379 2.581693 2.544508 1 P 0
L 2.5872049 3.7273622 2.5872049 3.7667322 1 P 0
L 2.5875985 4.2667323 2.5875985 4.3061023 1 P 0
L 2.6092521 2.4736419 2.6092521 2.5760041 0 P 0
L 2.6417323 2.3171359 2.6811024 2.3171359 1 P 0
L 2.6614173 2.2974508 2.6614173 2.3368209 1 P 0
L 2.7539372 1.832874 2.7933072 1.832874 1 P 0
L 2.7677165 2.1724508 2.7677165 2.4618208 0 P 0
L 2.7736222 1.813189 2.7736222 1.852559 1 P 0
L 2.785443 2.1734351 2.785443 2.2600493 0 P 0
L 2.785443 2.1734351 2.9665454 2.1734351 0 P 0
L 2.785443 2.2600493 2.9665454 2.2600493 0 P 0
L 2.8011811 2.3956593 2.8011811 2.5118011 0 P 0
L 2.8011811 2.3956593 2.9389764 2.3956593 0 P 0
L 2.8011811 2.5118011 2.9389764 2.5118011 0 P 0
L 2.8028054 2.2759842 2.8028054 2.3822834 0 P 0
L 2.8028054 2.2759842 2.8657975 2.2759842 0 P 0
L 2.8028054 2.3822834 2.8657975 2.3822834 0 P 0
L 2.8146164 2.3291338 2.8539865 2.3291338 1 P 0
L 2.8246064 3.4783464 2.8246064 3.5816929 0 P 0
L 2.8246064 3.5816929 2.8515749 3.5816929 0 P 0
L 2.8246064 3.9124015 2.8246064 4.015748 0 P 0
L 2.8246064 3.9124015 2.8515749 3.9124015 0 P 0
L 2.825 4.0177165 2.825 4.121063 0 P 0
L 2.825 4.121063 2.8519685 4.121063 0 P 0
L 2.825 4.4517716 2.825 4.5551181 0 P 0
L 2.825 4.4517716 2.8519685 4.4517716 0 P 0
L 2.827756 4.5265748 2.827756 5.0029528 0 P 0
L 2.827756 4.5265748 3.1820867 4.5265748 0 P 0
L 2.827756 5.0029528 3.1820867 5.0029528 0 P 0
L 2.8343015 2.3094488 2.8343015 2.3488188 1 P 0
L 2.8464468 2.6456694 2.8464468 2.7598426 0 P 0
L 2.8464468 2.6456694 2.897628 2.6456694 0 P 0
L 2.8464468 2.7598426 2.897628 2.7598426 0 P 0
L 2.8484252 2.5246064 2.8484252 2.5797245 0 P 0
L 2.8484252 2.5246064 2.9507874 2.5246064 0 P 0
L 2.8484252 2.5797245 2.9507874 2.5797245 0 P 0
L 2.8503937 2.4537302 2.8897638 2.4537302 1 P 0
L 2.8515749 3.5816929 2.8515749 3.9124015 0 P 0
L 2.8519685 4.121063 2.8519685 4.4517716 0 P 0
L 2.8543406 3.5531496 2.8543406 3.6909448 0 P 0
L 2.8543406 3.5531496 2.9259942 3.5531496 0 P 0
L 2.8543406 3.6909448 2.9259942 3.6909448 0 P 0
L 2.8543406 3.6948819 2.8543406 3.8326771 0 P 0
L 2.8543406 3.6948819 2.9259942 3.6948819 0 P 0
L 2.8543406 3.8326771 2.9259942 3.8326771 0 P 0
L 2.8543406 4.0620079 2.8543406 4.1998031 0 P 0
L 2.8543406 4.0620079 2.9259942 4.0620079 0 P 0
L 2.8543406 4.1998031 2.9259942 4.1998031 0 P 0
L 2.8543406 4.2017815 2.8543406 4.3395767 0 P 0
L 2.8543406 4.2017815 2.9259942 4.2017815 0 P 0
L 2.8543406 4.3395767 2.9259942 4.3395767 0 P 0
L 2.8543406 4.3415551 2.8543406 4.4793503 0 P 0
L 2.8543406 4.3415551 2.9259942 4.3415551 0 P 0
L 2.8543406 4.4793503 2.9259942 4.4793503 0 P 0
L 2.8563091 2.2167422 2.8956792 2.2167422 1 P 0
L 2.8612107 2.702756 2.8828642 2.702756 1 P 0
L 2.8657975 2.2759842 2.8657975 2.3822834 0 P 0
L 2.8700788 2.4340452 2.8700788 2.4734152 1 P 0
L 2.8704823 3.6220472 2.9098524 3.6220472 1 P 0
L 2.8704823 4.1309055 2.9098524 4.1309055 1 P 0
L 2.8704823 4.2706791 2.9098524 4.2706791 1 P 0
L 2.8704823 4.4104527 2.9098524 4.4104527 1 P 0
L 2.8704824 3.7637795 2.9098525 3.7637795 1 P 0
L 2.8720374 2.6919293 2.8720374 2.7135828 1 P 0
L 2.8759942 2.1970572 2.8759942 2.2364272 1 P 0
L 2.8786027 2.2765747 2.8786027 2.3789369 0 P 0
L 2.8786027 2.2765747 2.9337208 2.2765747 0 P 0
L 2.8786027 2.3789369 2.9337208 2.3789369 0 P 0
L 2.8799212 2.5521655 2.9192913 2.5521655 1 P 0
L 2.8864767 2.3277558 2.9258468 2.3277558 1 P 0
L 2.8901674 3.6023622 2.8901674 3.6417322 1 P 0
L 2.8901674 3.7440945 2.8901674 3.7834645 1 P 0
L 2.8901674 4.1112205 2.8901674 4.1505905 1 P 0
L 2.8901674 4.2509941 2.8901674 4.2903641 1 P 0
L 2.8901674 4.3907677 2.8901674 4.4301377 1 P 0
L 2.897628 2.6456694 2.897628 2.7598426 0 P 0
L 2.8996063 2.5324804 2.8996063 2.5718505 1 P 0
L 2.9061617 2.3080707 2.9061617 2.3474408 1 P 0
L 2.9114172 0.8425186 2.9114172 1.3936998 0 P 0
L 2.9120079 2.906506 2.9120079 3.4576872 0 P 0
L 2.9173228 0.8799212 2.9173228 1.0610236 0 P 0
L 2.9173228 0.8799212 3.003937 0.8799212 0 P 0
L 2.9173228 1.0610236 3.003937 1.0610236 0 P 0
L 2.917323 2.6515749 2.917323 2.7539371 0 P 0
L 2.917323 2.6515749 2.9724411 2.6515749 0 P 0
L 2.917323 2.7539371 2.9724411 2.7539371 0 P 0
L 2.9173326 1.1830709 2.9173326 1.3641733 0 P 0
L 2.9173326 1.1830709 3.0039468 1.1830709 0 P 0
L 2.9173326 1.3641733 3.0039468 1.3641733 0 P 0
L 2.9179233 2.9389764 2.9179233 3.253937 0 P 0
L 2.9179233 2.9389764 3.0754036 2.9389764 0 P 0
L 2.9179233 3.253937 3.0754036 3.253937 0 P 0
L 2.9179233 3.2598524 2.9179233 3.4409548 0 P 0
L 2.9179233 3.2598524 3.0045375 3.2598524 0 P 0
L 2.9179233 3.4409548 3.0045375 3.4409548 0 P 0
L 2.9179233 3.4468702 2.9179233 3.5334844 0 P 0
L 2.9179233 3.4468702 3.0990257 3.4468702 0 P 0
L 2.9179233 3.5334844 3.0990257 3.5334844 0 P 0
L 2.925197 2.702756 2.9645671 2.702756 1 P 0
L 2.9259942 3.5531496 2.9259942 3.6909448 0 P 0
L 2.9259942 3.6948819 2.9259942 3.8326771 0 P 0
L 2.9259942 4.0620079 2.9259942 4.1998031 0 P 0
L 2.9259942 4.2017815 2.9259942 4.3395767 0 P 0
L 2.9259942 4.3415551 2.9259942 4.4793503 0 P 0
L 2.9279726 3.5373551 2.9279726 3.6397173 0 P 0
L 2.9279726 3.5373551 2.9830907 3.5373551 0 P 0
L 2.9279726 3.6397173 2.9830907 3.6397173 0 P 0
L 2.9279726 3.6416957 2.9279726 3.7440579 0 P 0
L 2.9279726 3.6416957 2.9830907 3.6416957 0 P 0
L 2.9279726 3.7440579 2.9830907 3.7440579 0 P 0
L 2.9279726 4.0620078 2.9279726 4.1998031 0 P 0
L 2.9279726 4.0620078 3.0441144 4.0620078 0 P 0
L 2.9279726 4.1998031 3.0441144 4.1998031 0 P 0
L 2.9279726 4.2017815 2.9279726 4.3395768 0 P 0
L 2.9279726 4.2017815 3.0441144 4.2017815 0 P 0
L 2.9279726 4.3395768 3.0441144 4.3395768 0 P 0
L 2.9279726 4.3415552 2.9279726 4.4793505 0 P 0
L 2.9279726 4.3415552 3.0441144 4.3415552 0 P 0
L 2.9279726 4.4793505 3.0441144 4.4793505 0 P 0
L 2.9337208 2.2765747 2.9337208 2.3789369 0 P 0
L 2.9358466 3.5885362 2.9752167 3.5885362 1 P 0
L 2.9358466 3.6928768 2.9752167 3.6928768 1 P 0
L 2.9389764 2.3956593 2.9389764 2.5118011 0 P 0
L 2.9409449 0.9704724 2.9803149 0.9704724 1 P 0
L 2.9409547 1.2736221 2.9803247 1.2736221 1 P 0
L 2.9415454 3.3504036 2.9809154 3.3504036 1 P 0
L 2.944882 2.6830709 2.944882 2.722441 1 P 0
L 2.9507874 2.5246064 2.9507874 2.5797245 0 P 0
L 2.9555316 3.5688511 2.9555316 3.6082212 1 P 0
L 2.9555316 3.6731917 2.9555316 3.7125618 1 P 0
L 2.9596458 1.4251968 2.9812993 1.4251968 1 P 0
L 2.9606299 0.9507874 2.9606299 0.9901575 1 P 0
L 2.9606397 1.253937 2.9606397 1.2933071 1 P 0
L 2.9612304 3.3307185 2.9612304 3.3700886 1 P 0
L 2.9663585 4.1309054 3.0057285 4.1309054 1 P 0
L 2.9663585 4.2706791 3.0057285 4.2706791 1 P 0
L 2.9663585 4.4104528 3.0057285 4.4104528 1 P 0
L 2.9665454 2.1734351 2.9665454 2.2600493 0 P 0
L 2.9704725 1.41437 2.9704725 1.4360235 1 P 0
L 2.9724411 2.6515749 2.9724411 2.7539371 0 P 0
L 2.9769784 3.0964567 3.0163485 3.0964567 1 P 0
L 2.9830907 3.5373551 2.9830907 3.6397173 0 P 0
L 2.9830907 3.6416957 2.9830907 3.7440579 0 P 0
L 2.9852362 3.5866142 2.9852362 3.7992126 0 P 0
L 2.9852362 3.5866142 3.2746063 3.5866142 0 P 0
L 2.9852362 3.7992126 3.2746063 3.7992126 0 P 0
L 2.9852363 4.7647638 3.0246063 4.7647638 1 P 0
L 2.9860435 4.1112204 2.9860435 4.1505905 1 P 0
L 2.9860435 4.2509941 2.9860435 4.2903642 1 P 0
L 2.9860435 4.3907678 2.9860435 4.4301379 1 P 0
L 2.9887894 3.4901773 3.0281595 3.4901773 1 P 0
L 2.9966634 3.0767716 2.9966634 3.1161417 1 P 0
L 3.0019685 3.801191 3.0019685 3.844498 0 P 0
L 3.0019685 3.801191 3.0846457 3.801191 0 P 0
L 3.0019685 3.844498 3.0846457 3.844498 0 P 0
L 3.003937 0.8799212 3.003937 1.0610236 0 P 0
L 3.0039468 1.1830709 3.0039468 1.3641733 0 P 0
L 3.0045375 3.2598524 3.0045375 3.4409548 0 P 0
L 3.0049213 4.7450788 3.0049213 4.7844488 1 P 0
L 3.0084745 3.4704923 3.0084745 3.5098623 1 P 0
L 3.0324803 3.8228445 3.0541338 3.8228445 1 P 0
L 3.0433071 3.8120178 3.0433071 3.8336713 1 P 0
L 3.0441144 4.0620078 3.0441144 4.1998031 0 P 0
L 3.0441144 4.2017815 3.0441144 4.3395768 0 P 0
L 3.0441144 4.3415552 3.0441144 4.4793505 0 P 0
L 3.0460928 4.0196651 3.0460928 4.0747832 0 P 0
L 3.0460928 4.0196651 3.148455 4.0196651 0 P 0
L 3.0460928 4.0747832 3.148455 4.0747832 0 P 0
L 3.0460928 4.0767616 3.0460928 4.1279428 0 P 0
L 3.0460928 4.0767616 3.160266 4.0767616 0 P 0
L 3.0460928 4.1279428 3.160266 4.1279428 0 P 0
L 3.0460928 4.1299212 3.0460928 4.1850393 0 P 0
L 3.0460928 4.1299212 3.148455 4.1299212 0 P 0
L 3.0460928 4.1850393 3.148455 4.1850393 0 P 0
L 3.0460928 4.1889565 3.0460928 4.2440746 0 P 0
L 3.0460928 4.1889565 3.148455 4.1889565 0 P 0
L 3.0460928 4.2440746 3.148455 4.2440746 0 P 0
L 3.0460928 4.246053 3.0460928 4.2972342 0 P 0
L 3.0460928 4.246053 3.160266 4.246053 0 P 0
L 3.0460928 4.2972342 3.160266 4.2972342 0 P 0
L 3.0460928 4.3582479 3.0460928 4.413366 0 P 0
L 3.0460928 4.3582479 3.148455 4.3582479 0 P 0
L 3.0460928 4.413366 3.148455 4.413366 0 P 0
L 3.0460928 4.4153543 3.0460928 4.4665355 0 P 0
L 3.0460928 4.4153543 3.160266 4.4153543 0 P 0
L 3.0460928 4.4665355 3.160266 4.4665355 0 P 0
L 3.0460928 4.468504 3.0460928 4.5236221 0 P 0
L 3.0460928 4.468504 3.148455 4.468504 0 P 0
L 3.0460928 4.5236221 3.148455 4.5236221 0 P 0
L 3.0462599 4.2992126 3.0462599 4.3543307 0 P 0
L 3.0462599 4.2992126 3.1486221 4.2992126 0 P 0
L 3.0462599 4.3543307 3.1486221 4.3543307 0 P 0
L 3.0541339 0.8789369 3.0541339 0.9537401 0 P 0
L 3.0541339 0.8789369 3.4478347 0.8789369 0 P 0
L 3.0541339 0.9537401 3.0688977 0.9537401 0 P 0
L 3.0541339 1.0600393 3.0541339 1.1348425 0 P 0
L 3.0541339 1.0600393 3.0688977 1.0600393 0 P 0
L 3.0541339 1.1348425 3.4478347 1.1348425 0 P 0
L 3.0619978 3.2815062 3.0836513 3.2815062 1 P 0
L 3.0688977 0.9537401 3.0688977 1.0600393 0 P 0
L 3.0728245 3.2706794 3.0728245 3.2923329 1 P 0
L 3.0754036 2.9389764 3.0754036 3.253937 0 P 0
L 3.0775888 4.0472242 3.1169589 4.0472242 1 P 0
L 3.0775888 4.1574803 3.1169589 4.1574803 1 P 0
L 3.0775888 4.2165156 3.1169589 4.2165156 1 P 0
L 3.0775888 4.385807 3.1169589 4.385807 1 P 0
L 3.0775888 4.4960631 3.1169589 4.4960631 1 P 0
L 3.0777559 4.3267717 3.117126 4.3267717 1 P 0
L 3.0846457 3.801191 3.0846457 3.844498 0 P 0
L 3.0885828 1.5769685 3.0885828 2.1675197 0 P 0
L 3.0923527 4.1023522 3.1140062 4.1023522 1 P 0
L 3.0923527 4.2716436 3.1140062 4.2716436 1 P 0
L 3.0923527 4.4409449 3.1140062 4.4409449 1 P 0
L 3.0972739 4.0275391 3.0972739 4.0669092 1 P 0
L 3.0972739 4.1377952 3.0972739 4.1771653 1 P 0
L 3.0972739 4.1968305 3.0972739 4.2362006 1 P 0
L 3.0972739 4.3661219 3.0972739 4.405492 1 P 0
L 3.0972739 4.476378 3.0972739 4.5157481 1 P 0
L 3.097441 4.3070866 3.097441 4.3464567 1 P 0
L 3.0990257 3.4468702 3.0990257 3.5334844 0 P 0
L 3.1031794 4.0915254 3.1031794 4.1131789 1 P 0
L 3.1031794 4.2608168 3.1031794 4.2824703 1 P 0
L 3.1031794 4.4301181 3.1031794 4.4517716 1 P 0
L 3.1069096 3.2730804 3.1069096 3.4148127 0 P 0
L 3.1069096 3.2730804 3.3549411 3.2730804 0 P 0
L 3.1069096 3.4148127 3.3549411 3.4148127 0 P 0
L 3.1102362 3.6929134 3.1496063 3.6929134 1 P 0
L 3.1141732 3.8464764 3.1141732 3.9015945 0 P 0
L 3.1141732 3.8464764 3.2165354 3.8464764 0 P 0
L 3.1141732 3.9015945 3.2165354 3.9015945 0 P 0
L 3.1145669 3.801191 3.1145669 3.844498 0 P 0
L 3.1145669 3.801191 3.1972441 3.801191 0 P 0
L 3.1145669 3.844498 3.1972441 3.844498 0 P 0
L 3.1151576 3.2455113 3.1368111 3.2455113 1 P 0
L 3.1259843 3.2346845 3.1259843 3.256338 1 P 0
L 3.1299213 3.6732284 3.1299213 3.7125984 1 P 0
L 3.1328646 1.7116141 3.1328646 1.8927165 0 P 0
L 3.1328646 1.7116141 3.2194788 1.7116141 0 P 0
L 3.1328646 1.8927165 3.2194788 1.8927165 0 P 0
L 3.1450787 3.8228445 3.1667322 3.8228445 1 P 0
L 3.1456693 3.8740354 3.1850394 3.8740354 1 P 0
L 3.148455 4.0196651 3.148455 4.0747832 0 P 0
L 3.148455 4.1299212 3.148455 4.1850393 0 P 0
L 3.148455 4.1889565 3.148455 4.2440746 0 P 0
L 3.148455 4.3582479 3.148455 4.413366 0 P 0
L 3.148455 4.468504 3.148455 4.5236221 0 P 0
L 3.1486221 4.2992126 3.1486221 4.3543307 0 P 0
L 3.1559055 3.8120178 3.1559055 3.8336713 1 P 0
L 3.1564867 1.8021653 3.1958567 1.8021653 1 P 0
L 3.1574808 2.4458661 3.1574808 2.5620079 0 P 0
L 3.1574808 2.4458661 3.2952761 2.4458661 0 P 0
L 3.1574808 2.5620079 3.2952761 2.5620079 0 P 0
L 3.160266 4.0767616 3.160266 4.1279428 0 P 0
L 3.160266 4.246053 3.160266 4.2972342 0 P 0
L 3.160266 4.4153543 3.160266 4.4665355 0 P 0
L 3.1612975 2.6456694 3.1612975 2.7598426 0 P 0
L 3.1612975 2.6456694 3.2124787 2.6456694 0 P 0
L 3.1612975 2.7598426 3.2124787 2.7598426 0 P 0
L 3.1622444 4.0748032 3.1622444 4.1299213 0 P 0
L 3.1622444 4.0748032 3.2646066 4.0748032 0 P 0
L 3.1622444 4.1299213 3.2646066 4.1299213 0 P 0
L 3.1622444 4.2440945 3.1622444 4.2992126 0 P 0
L 3.1622444 4.2440945 3.2646066 4.2440945 0 P 0
L 3.1622444 4.2992126 3.2646066 4.2992126 0 P 0
L 3.1622444 4.4133859 3.1622444 4.468504 0 P 0
L 3.1622444 4.4133859 3.2646066 4.4133859 0 P 0
L 3.1622444 4.468504 3.2646066 4.468504 0 P 0
L 3.1653543 3.8543504 3.1653543 3.8937205 1 P 0
L 3.1742131 2.5748132 3.1742131 2.6299313 0 P 0
L 3.1742131 2.5748132 3.2765753 2.5748132 0 P 0
L 3.1742131 2.6299313 3.2765753 2.6299313 0 P 0
L 3.1760614 2.702756 3.1977149 2.702756 1 P 0
L 3.1761717 1.7824803 3.1761717 1.8218504 1 P 0
L 3.1820867 4.5265748 3.1820867 5.0029528 0 P 0
L 3.1868881 2.6919293 3.1868881 2.7135828 1 P 0
L 3.1937405 4.1023622 3.2331106 4.1023622 1 P 0
L 3.1937405 4.2716535 3.2331106 4.2716535 1 P 0
L 3.1937405 4.4409449 3.2331106 4.4409449 1 P 0
L 3.1968508 2.3730315 3.1968508 2.4281496 0 P 0
L 3.1968508 2.3730315 3.299213 2.3730315 0 P 0
L 3.1968508 2.4281496 3.299213 2.4281496 0 P 0
L 3.1972441 3.801191 3.1972441 3.844498 0 P 0
L 3.2057091 2.6023723 3.2450792 2.6023723 1 P 0
L 3.2066934 2.503937 3.2460635 2.503937 1 P 0
L 3.2112403 3.3439465 3.2506104 3.3439465 1 P 0
L 3.2124787 2.6456694 3.2124787 2.7598426 0 P 0
L 3.2134255 4.0826772 3.2134255 4.1220473 1 P 0
L 3.2134255 4.2519685 3.2134255 4.2913386 1 P 0
L 3.2134255 4.4212599 3.2134255 4.46063 1 P 0
L 3.2165354 3.8464764 3.2165354 3.9015945 0 P 0
L 3.2194788 1.7116141 3.2194788 1.8927165 0 P 0
L 3.2253838 4.8208661 3.2253838 4.9704723 0 P 0
L 3.2253838 4.8208661 3.4055019 4.8208661 0 P 0
L 3.2253838 4.9704723 3.4055019 4.9704723 0 P 0
L 3.2253942 1.5769685 3.2253942 2.1675197 0 P 0
L 3.2253942 1.5769685 3.8553154 1.5769685 0 P 0
L 3.2253942 2.1675197 3.8553154 2.1675197 0 P 0
L 3.2253942 2.5826872 3.2253942 2.6220573 1 P 0
L 3.2263784 2.484252 3.2263784 2.523622 1 P 0
L 3.2283468 2.4005906 3.2677169 2.4005906 1 P 0
L 3.2309253 3.3242615 3.2309253 3.3636316 1 P 0
L 3.2312993 1.0068897 3.2706694 1.0068897 1 P 0
L 3.2322838 2.6515749 3.2322838 2.7539371 0 P 0
L 3.2322838 2.6515749 3.2874019 2.6515749 0 P 0
L 3.2322838 2.7539371 3.2874019 2.7539371 0 P 0
L 3.2401578 2.702756 3.2795279 2.702756 1 P 0
L 3.2415205 1.363189 3.2710481 1.363189 1 P 0
L 3.242126 3.4620765 3.242126 3.5171946 0 P 0
L 3.242126 3.4620765 3.3444882 3.4620765 0 P 0
L 3.242126 3.5171946 3.3444882 3.5171946 0 P 0
L 3.2480319 2.3809055 3.2480319 2.4202756 1 P 0
L 3.2509843 0.9872047 3.2509843 1.0265747 1 P 0
L 3.2598425 3.4167911 3.2598425 3.4600981 0 P 0
L 3.2598425 3.4167911 3.3425197 3.4167911 0 P 0
L 3.2598425 3.4600981 3.3425197 3.4600981 0 P 0
L 3.2598429 2.683071 3.2598429 2.7224411 1 P 0
L 3.2646066 4.0748032 3.2646066 4.1299213 0 P 0
L 3.2646066 4.2440945 3.2646066 4.2992126 0 P 0
L 3.2646066 4.4133859 3.2646066 4.468504 0 P 0
L 3.2710481 1.3336614 3.2710481 1.363189 1 P 0
L 3.2710481 1.363189 3.2710481 1.3927166 1 P 0
L 3.2710481 1.363189 3.3005757 1.363189 1 P 0
L 3.273622 3.4896356 3.3129921 3.4896356 1 P 0
L 3.2746063 3.5866142 3.2746063 3.7992126 0 P 0
L 3.2765753 2.5748132 3.2765753 2.6299313 0 P 0
L 3.2874019 2.6515749 3.2874019 2.7539371 0 P 0
L 3.2903544 3.4384446 3.3120079 3.4384446 1 P 0
L 3.2933071 3.4699505 3.2933071 3.5093206 1 P 0
L 3.2952657 4.8956692 3.3346358 4.8956692 1 P 0
L 3.2952761 2.4458661 3.2952761 2.5620079 0 P 0
L 3.299213 2.3730315 3.299213 2.4281496 0 P 0
L 3.3011811 3.4276178 3.3011811 3.4492713 1 P 0
L 3.3149507 4.8759842 3.3149507 4.9153542 1 P 0
L 3.3204724 3.6023623 3.3204724 3.8228347 0 P 0
L 3.3204724 3.6023623 3.4543307 3.6023623 0 P 0
L 3.3204724 3.8228347 3.4543307 3.8228347 0 P 0
L 3.3208666 2.4736419 3.3208666 2.5760041 0 P 0
L 3.3208666 2.4736419 3.3759847 2.4736419 0 P 0
L 3.3208666 2.5760041 3.3759847 2.5760041 0 P 0
L 3.3218504 2.1724508 3.3218504 2.4618208 0 P 0
L 3.3218504 2.1724508 3.5344488 2.1724508 0 P 0
L 3.3218504 2.4618208 3.5344488 2.4618208 0 P 0
L 3.3287406 2.524823 3.3681107 2.524823 1 P 0
L 3.3312795 4.6466436 3.3312795 4.7490058 0 P 0
L 3.3312795 4.6466436 3.3863976 4.6466436 0 P 0
L 3.3312795 4.7490058 3.3863976 4.7490058 0 P 0
L 3.3391535 4.6978247 3.3785236 4.6978247 1 P 0
L 3.3425197 3.4167911 3.3425197 3.4600981 0 P 0
L 3.3444882 3.4620765 3.3444882 3.5171946 0 P 0
L 3.3484256 2.5051379 3.3484256 2.544508 1 P 0
L 3.3549411 3.2730804 3.3549411 3.4148127 0 P 0
L 3.3588385 4.6781396 3.3588385 4.7175097 1 P 0
L 3.358888 3.3125984 3.358888 3.3952756 0 P 0
L 3.358888 3.3125984 3.402195 3.3125984 0 P 0
L 3.358888 3.3952756 3.402195 3.3952756 0 P 0
L 3.3677463 3.2486121 3.3677463 3.3037302 0 P 0
L 3.3677463 3.2486121 3.4701085 3.2486121 0 P 0
L 3.3677463 3.3037302 3.4701085 3.3037302 0 P 0
L 3.3697148 3.353937 3.3913683 3.353937 1 P 0
L 3.3759847 2.4736419 3.3759847 2.5760041 0 P 0
L 3.3805415 3.3431103 3.3805415 3.3647638 1 P 0
L 3.3838583 3.8685549 3.3838583 3.9118619 0 P 0
L 3.3838583 3.8685549 3.4665355 3.8685549 0 P 0
L 3.3838583 3.9118619 3.4665355 3.9118619 0 P 0
L 3.3863976 4.6466436 3.3863976 4.7490058 0 P 0
L 3.388376 4.6663384 3.388376 4.7490156 0 P 0
L 3.388376 4.6663384 3.431683 4.6663384 0 P 0
L 3.388376 4.7490156 3.431683 4.7490156 0 P 0
L 3.3992028 4.707677 3.4208563 4.707677 1 P 0
L 3.3992424 3.2761711 3.4386125 3.2761711 1 P 0
L 3.402195 3.3125984 3.402195 3.3952756 0 P 0
L 3.4055019 4.8208661 3.4055019 4.9704723 0 P 0
L 3.4074803 4.8208759 3.4074803 4.9704821 0 P 0
L 3.4074803 4.8208759 3.5875984 4.8208759 0 P 0
L 3.4074803 4.9704821 3.5875984 4.9704821 0 P 0
L 3.4084646 2.3171359 3.4478347 2.3171359 1 P 0
L 3.4100295 4.6968503 3.4100295 4.7185038 1 P 0
L 3.4143702 3.8902084 3.4360237 3.8902084 1 P 0
L 3.4189274 3.2564861 3.4189274 3.2958562 1 P 0
L 3.4189374 3.375 3.4405909 3.375 1 P 0
L 3.4251969 3.8793816 3.4251969 3.9010351 1 P 0
L 3.4281496 2.2974508 3.4281496 2.3368209 1 P 0
L 3.4297641 3.3641732 3.4297641 3.3858267 1 P 0
L 3.431683 4.6663384 3.431683 4.7490156 0 P 0
L 3.4330709 0.9537401 3.4330709 1.0600393 0 P 0
L 3.4330709 0.9537401 3.4478347 0.9537401 0 P 0
L 3.4330709 1.0600393 3.4478347 1.0600393 0 P 0
L 3.4336614 4.6968502 3.4336614 4.8188975 0 P 0
L 3.4336614 4.6968502 3.5875984 4.6968502 0 P 0
L 3.4336614 4.8188975 3.5875984 4.8188975 0 P 0
L 3.4360535 3.9389764 3.4360535 4.0413386 0 P 0
L 3.4360535 3.9389764 3.4911716 3.9389764 0 P 0
L 3.4360535 4.0413386 3.4911716 4.0413386 0 P 0
L 3.4439275 3.9901575 3.4832976 3.9901575 1 P 0
L 3.4478347 0.8789369 3.4478347 0.9537401 0 P 0
L 3.4478347 1.0600393 3.4478347 1.1348425 0 P 0
L 3.4543307 3.5787402 3.4543307 3.6023623 0 P 0
L 3.4543307 3.5787402 3.7043307 3.5787402 0 P 0
L 3.4543307 3.8228347 3.4543307 3.8464568 0 P 0
L 3.4543307 3.8464568 3.7043307 3.8464568 0 P 0
L 3.4636125 3.9704724 3.4636125 4.0098425 1 P 0
L 3.4665355 3.8685549 3.4665355 3.9118619 0 P 0
L 3.4701085 3.2486121 3.4701085 3.3037302 0 P 0
L 3.4714567 1.4911417 3.4714567 1.5462598 0 P 0
L 3.4714567 1.4911417 3.5738189 1.4911417 0 P 0
L 3.4714567 1.5462598 3.5738189 1.5462598 0 P 0
L 3.4783464 4.895679 3.5177165 4.895679 1 P 0
L 3.4909448 4.7578739 3.5303149 4.7578739 1 P 0
L 3.4911716 3.9389764 3.4911716 4.0413386 0 P 0
L 3.4980315 4.875994 3.4980315 4.915364 1 P 0
L 3.5029528 1.5187007 3.5423229 1.5187007 1 P 0
L 3.5029528 3.3986422 3.5029528 3.4537603 0 P 0
L 3.5029528 3.3986422 3.605315 3.3986422 0 P 0
L 3.5029528 3.4537603 3.605315 3.4537603 0 P 0
L 3.5049212 3.8582477 3.5049212 4.5432871 0 P 0
L 3.5049212 3.8582477 4.1899606 3.8582477 0 P 0
L 3.5049212 4.5432871 4.1899606 4.5432871 0 P 0
L 3.5106299 4.7381888 3.5106299 4.7775589 1 P 0
L 3.5131986 1.1222541 3.5131986 1.3387895 0 P 0
L 3.5131986 1.1222541 3.8202852 1.1222541 0 P 0
L 3.5131986 1.3387895 3.8202852 1.3387895 0 P 0
L 3.5177166 0.8818896 3.5177166 1.094488 0 P 0
L 3.5177166 0.8818896 3.8070866 0.8818896 0 P 0
L 3.5177166 1.094488 3.8070866 1.094488 0 P 0
L 3.5206698 1.832874 3.5600398 1.832874 1 P 0
L 3.5216536 1.3869879 3.5216536 1.4893501 0 P 0
L 3.5216536 1.3869879 3.5767717 1.3869879 0 P 0
L 3.5216536 1.4893501 3.5767717 1.4893501 0 P 0
L 3.5226378 1.4990157 3.5226378 1.5383858 1 P 0
L 3.5295276 1.438169 3.5688977 1.438169 1 P 0
L 3.5314961 3.8956693 3.5531496 3.8956693 1 P 0
L 3.5344488 2.1724508 3.5344488 2.4618208 0 P 0
L 3.5344489 3.4262012 3.573819 3.4262012 1 P 0
L 3.5403548 1.813189 3.5403548 1.852559 1 P 0
L 3.5423228 3.8848425 3.5423228 3.906496 1 P 0
L 3.5462599 3.3179134 3.5679134 3.3179134 1 P 0
L 3.5462599 3.3710731 3.5679134 3.3710731 1 P 0
L 3.5492127 1.418484 3.5492127 1.4578541 1 P 0
L 3.5528058 2.1734351 3.5528058 2.2600493 0 P 0
L 3.5528058 2.1734351 3.7339082 2.1734351 0 P 0
L 3.5528058 2.2600493 3.7339082 2.2600493 0 P 0
L 3.5541339 3.4065162 3.5541339 3.4458863 1 P 0
L 3.5570866 3.3070866 3.5570866 3.3287401 1 P 0
L 3.5570866 3.3602463 3.5570866 3.3818998 1 P 0
L 3.5596457 3.7125985 3.5990158 3.7125985 1 P 0
L 3.5679134 2.3956593 3.5679134 2.5118011 0 P 0
L 3.5679134 2.3956593 3.7057087 2.3956593 0 P 0
L 3.5679134 2.5118011 3.7057087 2.5118011 0 P 0
L 3.569538 2.2759842 3.569538 2.3822834 0 P 0
L 3.569538 2.2759842 3.6325301 2.2759842 0 P 0
L 3.569538 2.3822834 3.6325301 2.3822834 0 P 0
L 3.5718504 4.5748032 3.5718504 4.6181102 0 P 0
L 3.5718504 4.5748032 3.6545276 4.5748032 0 P 0
L 3.5718504 4.6181102 3.6545276 4.6181102 0 P 0
L 3.5738189 1.4911417 3.5738189 1.5462598 0 P 0
L 3.5767717 1.3869879 3.5767717 1.4893501 0 P 0
L 3.5793307 3.6929134 3.5793307 3.7322835 1 P 0
L 3.581349 2.3291338 3.6207191 2.3291338 1 P 0
L 3.5875984 4.6968502 3.5875984 4.8188975 0 P 0
L 3.5875984 4.8208759 3.5875984 4.9704821 0 P 0
L 3.5895768 4.7391732 3.5895768 4.8218504 0 P 0
L 3.5895768 4.7391732 3.6328838 4.7391732 0 P 0
L 3.5895768 4.8218504 3.6328838 4.8218504 0 P 0
L 3.5964668 1.3877953 3.5964668 1.4901575 0 P 0
L 3.5964668 1.3877953 3.6515849 1.3877953 0 P 0
L 3.5964668 1.4901575 3.6515849 1.4901575 0 P 0
L 3.6004035 4.7805118 3.622057 4.7805118 1 P 0
L 3.6010341 2.3094488 3.6010341 2.3488188 1 P 0
L 3.6023622 4.5964567 3.6240157 4.5964567 1 P 0
L 3.6043408 1.4389764 3.6437109 1.4389764 1 P 0
L 3.605315 3.3986422 3.605315 3.4537603 0 P 0
L 3.6112303 4.769685 3.6112303 4.7913385 1 P 0
L 3.6131774 2.6456694 3.6131774 2.7598426 0 P 0
L 3.6131774 2.6456694 3.6643586 2.6456694 0 P 0
L 3.6131774 2.7598426 3.6643586 2.7598426 0 P 0
L 3.613189 4.58563 3.613189 4.6072835 1 P 0
L 3.6151578 2.5246064 3.6151578 2.5797245 0 P 0
L 3.6151578 2.5246064 3.71752 2.5246064 0 P 0
L 3.6151578 2.5797245 3.71752 2.5797245 0 P 0
L 3.617126 2.4537302 3.6564961 2.4537302 1 P 0
L 3.6236719 2.2167422 3.663042 2.2167422 1 P 0
L 3.6240259 1.4192914 3.6240259 1.4586615 1 P 0
L 3.6279413 2.702756 3.6495948 2.702756 1 P 0
L 3.6325301 2.2759842 3.6325301 2.3822834 0 P 0
L 3.6328838 4.7391732 3.6328838 4.8218504 0 P 0
L 3.6348622 4.6633859 3.6348622 4.8562992 0 P 0
L 3.6348622 4.6633859 3.7293504 4.6633859 0 P 0
L 3.6348622 4.8562992 3.7293504 4.8562992 0 P 0
L 3.6368111 2.4340452 3.6368111 2.4734152 1 P 0
L 3.638768 2.6919293 3.638768 2.7135828 1 P 0
L 3.6427165 0.9881888 3.6820866 0.9881888 1 P 0
L 3.643357 2.1970572 3.643357 2.2364272 1 P 0
L 3.6453353 2.2765747 3.6453353 2.3789369 0 P 0
L 3.6453353 2.2765747 3.7004534 2.2765747 0 P 0
L 3.6453353 2.3789369 3.7004534 2.3789369 0 P 0
L 3.6466538 2.5521655 3.6860239 2.5521655 1 P 0
L 3.6470569 1.2305218 3.686427 1.2305218 1 P 0
L 3.6515849 1.3877953 3.6515849 1.4901575 0 P 0
L 3.6532093 2.3277558 3.6925794 2.3277558 1 P 0
L 3.6545276 4.5748032 3.6545276 4.6181102 0 P 0
L 3.6624015 0.9685038 3.6624015 1.0078739 1 P 0
L 3.6624213 4.7598425 3.7017913 4.7598425 1 P 0
L 3.6643586 2.6456694 3.6643586 2.7598426 0 P 0
L 3.6663389 2.5324804 3.6663389 2.5718505 1 P 0
L 3.6667419 1.2108368 3.6667419 1.2502068 1 P 0
L 3.67128 1.386811 3.67128 1.4891732 0 P 0
L 3.67128 1.386811 3.7263981 1.386811 0 P 0
L 3.67128 1.4891732 3.7263981 1.4891732 0 P 0
L 3.6728943 2.3080707 3.6728943 2.3474408 1 P 0
L 3.679154 1.4379921 3.7185241 1.4379921 1 P 0
L 3.6821063 4.7401575 3.6821063 4.7795276 1 P 0
L 3.6840556 2.6515749 3.6840556 2.7539371 0 P 0
L 3.6840556 2.6515749 3.7391737 2.6515749 0 P 0
L 3.6840556 2.7539371 3.7391737 2.7539371 0 P 0
L 3.691024 4.5975196 3.691024 4.6526377 0 P 0
L 3.691024 4.5975196 3.7933862 4.5975196 0 P 0
L 3.691024 4.6526377 3.7933862 4.6526377 0 P 0
L 3.6919296 2.702756 3.7312997 2.702756 1 P 0
L 3.6988391 1.4183071 3.6988391 1.4576772 1 P 0
L 3.7004534 2.2765747 3.7004534 2.3789369 0 P 0
L 3.7043307 3.5787402 3.7043307 3.6023623 0 P 0
L 3.7043307 3.6023623 3.838189 3.6023623 0 P 0
L 3.7043307 3.8228347 3.7043307 3.8464568 0 P 0
L 3.7043307 3.8228347 3.838189 3.8228347 0 P 0
L 3.7057087 2.3956593 3.7057087 2.5118011 0 P 0
L 3.7116146 2.6830709 3.7116146 2.722441 1 P 0
L 3.71752 2.5246064 3.71752 2.5797245 0 P 0
L 3.7225201 4.6250786 3.7618902 4.6250786 1 P 0
L 3.7263981 1.386811 3.7263981 1.4891732 0 P 0
L 3.7293504 4.6633859 3.7293504 4.8562992 0 P 0
L 3.7339082 2.1734351 3.7339082 2.2600493 0 P 0
L 3.7391737 2.6515749 3.7391737 2.7539371 0 P 0
L 3.7422051 4.6053936 3.7422051 4.6447637 1 P 0
L 3.7460932 1.3858268 3.7460932 1.488189 0 P 0
L 3.7460932 1.3858268 3.8012113 1.3858268 0 P 0
L 3.7460932 1.488189 3.8012113 1.488189 0 P 0
L 3.7539672 1.4370079 3.7933373 1.4370079 1 P 0
L 3.7549022 1.5090452 3.7549022 1.5641633 0 P 0
L 3.7549022 1.5090452 3.8572644 1.5090452 0 P 0
L 3.7549022 1.5641633 3.8572644 1.5641633 0 P 0
L 3.7736523 1.4173229 3.7736523 1.456693 1 P 0
L 3.7803149 4.8877952 3.7803149 5.007874 0 P 0
L 3.7803149 4.8877952 4.2192913 4.8877952 0 P 0
L 3.7803149 5.007874 4.2192913 5.007874 0 P 0
L 3.7863982 1.5366043 3.8257683 1.5366043 1 P 0
L 3.7933862 4.5975196 3.7933862 4.6526377 0 P 0
L 3.8012113 1.3858268 3.8012113 1.488189 0 P 0
L 3.8060833 1.5169192 3.8060833 1.5562893 1 P 0
L 3.8070866 0.8818896 3.8070866 1.094488 0 P 0
L 3.8202852 1.1222541 3.8202852 1.3387895 0 P 0
L 3.8277559 4.2007674 3.8671259 4.2007674 1 P 0
L 3.8366042 3.4625917 3.8582577 3.4625917 1 P 0
L 3.838189 3.6023623 3.838189 3.8228347 0 P 0
L 3.842933 1.1870178 3.842933 1.28938 0 P 0
L 3.842933 1.1870178 3.8980511 1.1870178 0 P 0
L 3.842933 1.28938 3.8980511 1.28938 0 P 0
L 3.842933 1.309075 3.842933 1.4114372 0 P 0
L 3.842933 1.309075 3.8980511 1.309075 0 P 0
L 3.842933 1.4114372 3.8980511 1.4114372 0 P 0
L 3.8429331 1.0649606 3.8429331 1.1673228 0 P 0
L 3.8429331 1.0649606 3.8980512 1.0649606 0 P 0
L 3.8429331 1.1673228 3.8980512 1.1673228 0 P 0
L 3.8474309 3.4517649 3.8474309 3.4734184 1 P 0
L 3.8474409 4.1810824 3.8474409 4.2204524 1 P 0
L 3.850807 1.2381989 3.8901771 1.2381989 1 P 0
L 3.850807 1.3602561 3.8901771 1.3602561 1 P 0
L 3.8508071 1.1161417 3.8901772 1.1161417 1 P 0
L 3.8553154 1.5769685 3.8553154 2.1675197 0 P 0
L 3.8572644 1.5090452 3.8572644 1.5641633 0 P 0
L 3.8641764 3.4901607 3.8641764 3.7204757 0 P 0
L 3.8641764 3.4901607 4.131893 3.4901607 0 P 0
L 3.8641764 3.7204757 4.131893 3.7204757 0 P 0
L 3.870492 1.2185138 3.870492 1.2578839 1 P 0
L 3.870492 1.340571 3.870492 1.3799411 1 P 0
L 3.8704922 1.0964567 3.8704922 1.1358268 1 P 0
L 3.8779528 1.5334644 3.8779528 1.5885825 0 P 0
L 3.8779528 1.5334644 3.980315 1.5334644 0 P 0
L 3.8779528 1.5885825 3.980315 1.5885825 0 P 0
L 3.8818999 1.4379921 3.8818999 1.5206693 0 P 0
L 3.8818999 1.4379921 3.9252069 1.4379921 0 P 0
L 3.8818999 1.5206693 3.9252069 1.5206693 0 P 0
L 3.8868108 3.2844289 3.8868108 3.4261612 0 P 0
L 3.8868108 3.2844289 4.0541337 3.2844289 0 P 0
L 3.8868108 3.4261612 4.0541337 3.4261612 0 P 0
L 3.8897639 3.4625916 3.9114174 3.4625916 1 P 0
L 3.8927267 1.4793307 3.9143802 1.4793307 1 P 0
L 3.8980511 1.1870178 3.8980511 1.28938 0 P 0
L 3.8980511 1.309075 3.8980511 1.4114372 0 P 0
L 3.8980512 1.0649606 3.8980512 1.1673228 0 P 0
L 3.8995972 1.7116141 3.8995972 1.8927165 0 P 0
L 3.8995972 1.7116141 3.9862114 1.7116141 0 P 0
L 3.8995972 1.8927165 3.9862114 1.8927165 0 P 0
L 3.9005906 3.4517648 3.9005906 3.4734183 1 P 0
L 3.9035534 1.468504 3.9035534 1.4901575 1 P 0
L 3.9094489 1.5610234 3.948819 1.5610234 1 P 0
L 3.9232193 1.8021653 3.9625893 1.8021653 1 P 0
L 3.9232283 1.0816929 3.9232283 1.136811 0 P 0
L 3.9232283 1.0816929 4.0255905 1.0816929 0 P 0
L 3.9232283 1.136811 4.0255905 1.136811 0 P 0
L 3.9242134 2.4458661 3.9242134 2.5620079 0 P 0
L 3.9242134 2.4458661 4.0620087 2.4458661 0 P 0
L 3.9242134 2.5620079 4.0620087 2.5620079 0 P 0
L 3.9251968 1.2037401 3.9251968 1.367126 0 P 0
L 3.9251968 1.2037401 4.0629921 1.2037401 0 P 0
L 3.9251968 1.367126 4.0629921 1.367126 0 P 0
L 3.9252069 1.4379921 3.9252069 1.5206693 0 P 0
L 3.9271853 1.3897537 3.9271853 1.531486 0 P 0
L 3.9271853 1.3897537 4.0925396 1.3897537 0 P 0
L 3.9271853 1.531486 4.0925396 1.531486 0 P 0
L 3.9280301 2.6456694 3.9280301 2.7598426 0 P 0
L 3.9280301 2.6456694 3.9792113 2.6456694 0 P 0
L 3.9280301 2.7598426 3.9792113 2.7598426 0 P 0
L 3.9291339 1.5413384 3.9291339 1.5807085 1 P 0
L 3.9311023 1.1476478 3.9311023 1.1909548 0 P 0
L 3.9311023 1.1476478 4.0137795 1.1476478 0 P 0
L 3.9311023 1.1909548 4.0137795 1.1909548 0 P 0
L 3.9409457 2.5748132 3.9409457 2.6299313 0 P 0
L 3.9409457 2.5748132 4.0433079 2.5748132 0 P 0
L 3.9409457 2.6299313 4.0433079 2.6299313 0 P 0
L 3.942794 2.702756 3.9644475 2.702756 1 P 0
L 3.9429043 1.7824803 3.9429043 1.8218504 1 P 0
L 3.9507872 3.355295 3.9901573 3.355295 1 P 0
L 3.9536207 2.6919293 3.9536207 2.7135828 1 P 0
L 3.9547244 1.1092519 3.9940945 1.1092519 1 P 0
L 3.9616141 1.1693013 3.9832676 1.1693013 1 P 0
L 3.9635834 2.3730315 3.9635834 2.4281496 0 P 0
L 3.9635834 2.3730315 4.0659456 2.3730315 0 P 0
L 3.9635834 2.4281496 4.0659456 2.4281496 0 P 0
L 3.9704723 3.33561 3.9704723 3.3749801 1 P 0
L 3.9724409 1.1584746 3.9724409 1.1801281 1 P 0
L 3.9724417 2.6023723 4.0118118 2.6023723 1 P 0
L 3.973426 2.503937 4.0127961 2.503937 1 P 0
L 3.9744094 1.0895669 3.9744094 1.128937 1 P 0
L 3.9744094 1.2854331 4.0137795 1.2854331 1 P 0
L 3.9783497 3.605315 4.0177198 3.605315 1 P 0
L 3.9792113 2.6456694 3.9792113 2.7598426 0 P 0
L 3.9801181 4.9478346 4.0194881 4.9478346 1 P 0
L 3.980315 1.5334644 3.980315 1.5885825 0 P 0
L 3.9862114 1.7116141 3.9862114 1.8927165 0 P 0
L 3.9901774 1.4606198 4.0295475 1.4606198 1 P 0
L 3.9921268 1.5769685 3.9921268 2.1675197 0 P 0
L 3.9921268 1.5769685 4.622048 1.5769685 0 P 0
L 3.9921268 2.1675197 4.622048 2.1675197 0 P 0
L 3.9921268 2.5826872 3.9921268 2.6220573 1 P 0
L 3.993111 2.484252 3.993111 2.523622 1 P 0
L 3.9940945 1.265748 3.9940945 1.3051181 1 P 0
L 3.9950794 2.4005906 4.0344495 2.4005906 1 P 0
L 3.9980347 3.5856299 3.9980347 3.625 1 P 0
L 3.9990164 2.6515749 3.9990164 2.7539371 0 P 0
L 3.9990164 2.6515749 4.0541345 2.6515749 0 P 0
L 3.9990164 2.7539371 4.0541345 2.7539371 0 P 0
L 3.9998031 4.9281495 3.9998031 4.9675196 1 P 0
L 4.0068904 2.702756 4.0462605 2.702756 1 P 0
L 4.0098625 1.4409348 4.0098625 1.4803049 1 P 0
L 4.0112599 4.547234 4.0112599 4.590541 0 P 0
L 4.0112599 4.547234 4.0939371 4.547234 0 P 0
L 4.0112599 4.590541 4.0939371 4.590541 0 P 0
L 4.0137795 1.1476478 4.0137795 1.1909548 0 P 0
L 4.0147645 2.3809055 4.0147645 2.4202756 1 P 0
L 4.0176377 3.4281396 4.0176377 3.4714466 0 P 0
L 4.0176377 3.4281396 4.1003149 3.4281396 0 P 0
L 4.0176377 3.4714466 4.1003149 3.4714466 0 P 0
L 4.0255905 1.0816929 4.0255905 1.136811 0 P 0
L 4.0265755 2.683071 4.0265755 2.7224411 1 P 0
L 4.0417717 4.5688875 4.0634252 4.5688875 1 P 0
L 4.0433079 2.5748132 4.0433079 2.6299313 0 P 0
L 4.0466928 3.8109938 4.0466928 3.8543008 0 P 0
L 4.0466928 3.8109938 4.12937 3.8109938 0 P 0
L 4.0466928 3.8543008 4.12937 3.8543008 0 P 0
L 4.0481495 3.4497931 4.069803 3.4497931 1 P 0
L 4.0525985 4.5580608 4.0525985 4.5797143 1 P 0
L 4.0541337 3.2844289 4.0541337 3.4261612 0 P 0
L 4.0541345 2.6515749 4.0541345 2.7539371 0 P 0
L 4.0589763 3.4389664 4.0589763 3.4606199 1 P 0
L 4.0620087 2.4458661 4.0620087 2.5620079 0 P 0
L 4.0629921 1.2037401 4.0629921 1.367126 0 P 0
L 4.0659456 2.3730315 4.0659456 2.4281496 0 P 0
L 4.066939 3.3011612 4.066939 3.4035234 0 P 0
L 4.066939 3.3011612 4.1220571 3.3011612 0 P 0
L 4.066939 3.4035234 4.1220571 3.4035234 0 P 0
L 4.074813 3.3523423 4.1141831 3.3523423 1 P 0
L 4.0772047 3.8326473 4.0988582 3.8326473 1 P 0
L 4.0875992 2.4736419 4.0875992 2.5760041 0 P 0
L 4.0875992 2.4736419 4.1427173 2.4736419 0 P 0
L 4.0875992 2.5760041 4.1427173 2.5760041 0 P 0
L 4.0880314 3.8218205 4.0880314 3.843474 1 P 0
L 4.0892135 2.1724508 4.0892135 2.4618208 0 P 0
L 4.0892135 2.1724508 4.3018119 2.1724508 0 P 0
L 4.0892135 2.4618208 4.3018119 2.4618208 0 P 0
L 4.0925396 1.3897537 4.0925396 1.531486 0 P 0
L 4.0939371 4.547234 4.0939371 4.590541 0 P 0
L 4.0944981 3.3326573 4.0944981 3.3720274 1 P 0
L 4.0954732 2.524823 4.1348433 2.524823 1 P 0
L 4.1003149 3.4281396 4.1003149 3.4714466 0 P 0
L 4.1112106 1.1574803 4.1112106 1.2401575 0 P 0
L 4.1112106 1.1574803 4.1545176 1.1574803 0 P 0
L 4.1112106 1.2401575 4.1545176 1.2401575 0 P 0
L 4.1151582 2.5051379 4.1151582 2.544508 1 P 0
L 4.1181001 4.581693 4.1181001 4.6840552 0 P 0
L 4.1181001 4.581693 4.1732182 4.581693 0 P 0
L 4.1181001 4.6840552 4.1732182 4.6840552 0 P 0
L 4.1220373 1.1988189 4.1436908 1.1988189 1 P 0
L 4.1220571 3.3011612 4.1220571 3.4035234 0 P 0
L 4.1259741 4.6328741 4.1653442 4.6328741 1 P 0
L 4.12937 3.8109938 4.12937 3.8543008 0 P 0
L 4.131893 3.4901607 4.131893 3.7204757 0 P 0
L 4.1328641 1.1879921 4.1328641 1.2096456 1 P 0
L 4.1382382 3.7430803 4.1382382 3.8454425 0 P 0
L 4.1382382 3.7430803 4.1933563 3.7430803 0 P 0
L 4.1382382 3.8454425 4.1933563 3.8454425 0 P 0
L 4.1387995 3.3494094 4.160453 3.3494094 1 P 0
L 4.1417324 4.5059055 4.1633859 4.5059055 1 P 0
L 4.1427173 2.4736419 4.1427173 2.5760041 0 P 0
L 4.1456591 4.613189 4.1456591 4.6525591 1 P 0
L 4.1461122 3.7942614 4.1854823 3.7942614 1 P 0
L 4.1496262 3.3385826 4.1496262 3.3602361 1 P 0
L 4.1525591 4.4950787 4.1525591 4.5167322 1 P 0
L 4.1545176 1.1574803 4.1545176 1.2401575 0 P 0
L 4.1584645 1.1427166 4.1584645 1.5521654 0 P 0
L 4.1584645 1.1427166 4.4478346 1.1427166 0 P 0
L 4.1584645 1.5521654 4.4478346 1.5521654 0 P 0
L 4.1657972 3.7745763 4.1657972 3.8139464 1 P 0
L 4.1732182 4.581693 4.1732182 4.6840552 0 P 0
L 4.1751966 4.5738189 4.1751966 4.6879921 0 P 0
L 4.1751966 4.5738189 4.2263778 4.5738189 0 P 0
L 4.1751966 4.6879921 4.2263778 4.6879921 0 P 0
L 4.1758277 2.3171359 4.2151978 2.3171359 1 P 0
L 4.181992 3.3377496 4.181992 3.4401118 0 P 0
L 4.181992 3.3377496 4.3571889 3.3377496 0 P 0
L 4.181992 3.4401118 4.3571889 3.4401118 0 P 0
L 4.1820866 3.4460272 4.1820866 3.5483894 0 P 0
L 4.1820866 3.4460272 4.3572835 3.4460272 0 P 0
L 4.1820866 3.5483894 4.3572835 3.5483894 0 P 0
L 4.1860236 3.2924642 4.1860236 3.3357712 0 P 0
L 4.1860236 3.2924642 4.2687008 3.2924642 0 P 0
L 4.1860236 3.3357712 4.2687008 3.3357712 0 P 0
L 4.1899605 4.6309055 4.211614 4.6309055 1 P 0
L 4.1899606 3.8582477 4.1899606 4.5432871 0 P 0
L 4.1929134 4.0935039 4.1929134 4.1761811 0 P 0
L 4.1929134 4.0935039 4.2362204 4.0935039 0 P 0
L 4.1929134 4.1761811 4.2362204 4.1761811 0 P 0
L 4.1933563 3.7430803 4.1933563 3.8454425 0 P 0
L 4.1955127 2.2974508 4.1955127 2.3368209 1 P 0
L 4.2007872 4.6200788 4.2007872 4.6417323 1 P 0
L 4.2037402 4.1348425 4.2253937 4.1348425 1 P 0
L 4.2145669 4.1240158 4.2145669 4.1456693 1 P 0
L 4.2165354 3.3141177 4.2381889 3.3141177 1 P 0
L 4.2192913 4.8877952 4.2192913 5.007874 0 P 0
L 4.2263778 4.5738189 4.2263778 4.6879921 0 P 0
L 4.2273622 3.303291 4.2273622 3.3249445 1 P 0
L 4.2303149 4.2558658 4.2303149 4.2991728 0 P 0
L 4.2303149 4.2558658 4.3129921 4.2558658 0 P 0
L 4.2303149 4.2991728 4.3129921 4.2991728 0 P 0
L 4.2322835 3.7303149 4.2322835 3.8326771 0 P 0
L 4.2322835 3.7303149 4.2874016 3.7303149 0 P 0
L 4.2322835 3.8326771 4.2874016 3.8326771 0 P 0
L 4.2333067 4.3795276 4.2333067 4.4622048 0 P 0
L 4.2333067 4.3795276 4.2766137 4.3795276 0 P 0
L 4.2333067 4.4622048 4.2766137 4.4622048 0 P 0
L 4.2352362 4.3031197 4.2352362 4.3661118 0 P 0
L 4.2352362 4.3031197 4.3415354 4.3031197 0 P 0
L 4.2352362 4.3661118 4.3415354 4.3661118 0 P 0
L 4.2362204 4.0935039 4.2362204 4.1761811 0 P 0
L 4.2382488 4.0647638 4.2382488 4.147441 0 P 0
L 4.2382488 4.0647638 4.2815558 4.0647638 0 P 0
L 4.2382488 4.147441 4.2815558 4.147441 0 P 0
L 4.2401575 3.781496 4.2795276 3.781496 1 P 0
L 4.2441334 4.4208662 4.2657869 4.4208662 1 P 0
L 4.2490755 4.1061024 4.270729 4.1061024 1 P 0
L 4.2499054 3.3889307 4.2892755 3.3889307 1 P 0
L 4.25 3.4972083 4.2893701 3.4972083 1 P 0
L 4.2549602 4.4100394 4.2549602 4.4316929 1 P 0
L 4.2598425 3.7618109 4.2598425 3.801181 1 P 0
L 4.2599023 4.0952756 4.2599023 4.1169291 1 P 0
L 4.2608268 4.2775193 4.2824803 4.2775193 1 P 0
L 4.2687008 3.2924642 4.2687008 3.3357712 0 P 0
L 4.2687008 4.3346158 4.3080708 4.3346158 1 P 0
L 4.2695905 3.3692456 4.2695905 3.4086157 1 P 0
L 4.269685 3.4775233 4.269685 3.5168934 1 P 0
L 4.2716535 4.2666925 4.2716535 4.288346 1 P 0
L 4.2746063 3.5503678 4.2746063 3.5936748 0 P 0
L 4.2746063 3.5503678 4.3572835 3.5503678 0 P 0
L 4.2746063 3.5936748 4.3572835 3.5936748 0 P 0
L 4.2766137 4.3795276 4.2766137 4.4622048 0 P 0
L 4.2815558 4.0647638 4.2815558 4.147441 0 P 0
L 4.2834645 1.347441 4.3228346 1.347441 1 P 0
L 4.2874016 3.7303149 4.2874016 3.8326771 0 P 0
L 4.2874024 1.832874 4.3267724 1.832874 1 P 0
L 4.2874505 4.378917 4.2874505 4.4812792 0 P 0
L 4.2874505 4.378917 4.3425686 4.378917 0 P 0
L 4.2874505 4.4812792 4.3425686 4.4812792 0 P 0
L 4.2883858 4.3149307 4.2883858 4.3543008 1 P 0
L 4.2933071 3.7303149 4.2933071 3.8326771 0 P 0
L 4.2933071 3.7303149 4.3484252 3.7303149 0 P 0
L 4.2933071 3.8326771 4.3484252 3.8326771 0 P 0
L 4.2953245 4.4300981 4.3346946 4.4300981 1 P 0
L 4.3011811 3.781496 4.3405512 3.781496 1 P 0
L 4.3018119 2.1724508 4.3018119 2.4618208 0 P 0
L 4.3031496 1.327756 4.3031496 1.367126 1 P 0
L 4.3051182 3.5720213 4.3267717 3.5720213 1 P 0
L 4.3070874 1.813189 4.3070874 1.852559 1 P 0
L 4.3129921 4.2558658 4.3129921 4.2991728 0 P 0
L 4.3150096 4.4104131 4.3150096 4.4497832 1 P 0
L 4.3159449 3.5611945 4.3159449 3.582848 1 P 0
L 4.3195384 2.1734351 4.3195384 2.2600493 0 P 0
L 4.3195384 2.1734351 4.5006408 2.1734351 0 P 0
L 4.3195384 2.2600493 4.5006408 2.2600493 0 P 0
L 4.3208661 3.7618109 4.3208661 3.801181 1 P 0
L 4.3346457 2.3956593 4.3346457 2.5118011 0 P 0
L 4.3346457 2.3956593 4.472441 2.3956593 0 P 0
L 4.3346457 2.5118011 4.472441 2.5118011 0 P 0
L 4.33563 3.6811024 4.3572835 3.6811024 1 P 0
L 4.3362706 2.2759842 4.3362706 2.3822834 0 P 0
L 4.3362706 2.2759842 4.3992627 2.2759842 0 P 0
L 4.3362706 2.3822834 4.3992627 2.3822834 0 P 0
L 4.3415354 4.3031197 4.3415354 4.3661118 0 P 0
L 4.3425686 4.378917 4.3425686 4.4812792 0 P 0
L 4.3444783 4.5521653 4.3444783 4.6545275 0 P 0
L 4.3444783 4.5521653 4.3995964 4.5521653 0 P 0
L 4.3444783 4.6545275 4.3995964 4.6545275 0 P 0
L 4.3464567 3.6702756 4.3464567 3.6919291 1 P 0
L 4.3480816 2.3291338 4.3874517 2.3291338 1 P 0
L 4.3484252 3.7303149 4.3484252 3.8326771 0 P 0
L 4.3523523 4.6033464 4.3917224 4.6033464 1 P 0
L 4.3543307 3.7303149 4.3543307 3.8326771 0 P 0
L 4.3543307 3.7303149 4.4094488 3.7303149 0 P 0
L 4.3543307 3.8326771 4.4094488 3.8326771 0 P 0
L 4.3571889 3.3377496 4.3571889 3.4401118 0 P 0
L 4.3572835 3.4460272 4.3572835 3.5483894 0 P 0
L 4.3572835 3.5503678 4.3572835 3.5936748 0 P 0
L 4.3622047 3.781496 4.4015748 3.781496 1 P 0
L 4.36399 4.6565059 4.36399 4.7549311 0 P 0
L 4.36399 4.6565059 4.4939112 4.6565059 0 P 0
L 4.36399 4.7549311 4.4939112 4.7549311 0 P 0
L 4.3671161 3.6269685 4.3887696 3.6269685 1 P 0
L 4.3677667 2.3094488 4.3677667 2.3488188 1 P 0
L 4.3720374 4.5836614 4.3720374 4.6230315 1 P 0
L 4.3740158 4.3464567 4.3740158 4.4527559 0 P 0
L 4.3740158 4.3464567 4.4370079 4.3464567 0 P 0
L 4.3740158 4.4527559 4.4370079 4.4527559 0 P 0
L 4.3779428 3.6161417 4.3779428 3.6377952 1 P 0
L 4.37991 2.6456694 4.37991 2.7598426 0 P 0
L 4.37991 2.6456694 4.4310912 2.6456694 0 P 0
L 4.37991 2.7598426 4.4310912 2.7598426 0 P 0
L 4.3818897 3.7618109 4.3818897 3.801181 1 P 0
L 4.3818904 2.5246064 4.3818904 2.5797245 0 P 0
L 4.3818904 2.5246064 4.4842526 2.5246064 0 P 0
L 4.3818904 2.5797245 4.4842526 2.5797245 0 P 0
L 4.3838583 2.4537302 4.4232284 2.4537302 1 P 0
L 4.3858268 4.3996063 4.4251969 4.3996063 1 P 0
L 4.3904045 2.2167422 4.4297746 2.2167422 1 P 0
L 4.3946739 2.702756 4.4163274 2.702756 1 P 0
L 4.3961127 4.1869983 4.3961127 4.2696755 0 P 0
L 4.3961127 4.1869983 4.4394197 4.1869983 0 P 0
L 4.3961127 4.2696755 4.4394197 4.2696755 0 P 0
L 4.3961128 4.1062799 4.3961128 4.1889571 0 P 0
L 4.3961128 4.1062799 4.4394198 4.1062799 0 P 0
L 4.3961128 4.1889571 4.4394198 4.1889571 0 P 0
L 4.3992627 2.2759842 4.3992627 2.3822834 0 P 0
L 4.3995964 4.5521653 4.3995964 4.6545275 0 P 0
L 4.4015748 4.5521653 4.4015748 4.6545275 0 P 0
L 4.4015748 4.5521653 4.4566929 4.5521653 0 P 0
L 4.4015748 4.6545275 4.4566929 4.6545275 0 P 0
L 4.4035434 2.4340452 4.4035434 2.4734152 1 P 0
L 4.4055006 2.6919293 4.4055006 2.7135828 1 P 0
L 4.4055118 3.2874016 4.4055118 3.6535434 0 P 0
L 4.4055118 3.2874016 4.6968504 3.2874016 0 P 0
L 4.4055118 3.6535434 4.6968504 3.6535434 0 P 0
L 4.4055118 4.3799213 4.4055118 4.4192913 1 P 0
L 4.4069395 4.1476185 4.428593 4.1476185 1 P 0
L 4.4069395 4.2283369 4.428593 4.2283369 1 P 0
L 4.4092656 4.7057185 4.4486357 4.7057185 1 P 0
L 4.4094488 3.7303149 4.4094488 3.8326771 0 P 0
L 4.4094488 4.6033464 4.4488189 4.6033464 1 P 0
L 4.4094489 3.6811125 4.4311024 3.6811125 1 P 0
L 4.4100896 2.1970572 4.4100896 2.2364272 1 P 0
L 4.4120679 2.2765747 4.4120679 2.3789369 0 P 0
L 4.4120679 2.2765747 4.467186 2.2765747 0 P 0
L 4.4120679 2.3789369 4.467186 2.3789369 0 P 0
L 4.4133864 2.5521655 4.4527565 2.5521655 1 P 0
L 4.4153543 3.7303149 4.4153543 3.8326771 0 P 0
L 4.4153543 3.7303149 4.4704724 3.7303149 0 P 0
L 4.4153543 3.8326771 4.4704724 3.8326771 0 P 0
L 4.4177662 4.2175102 4.4177662 4.2391637 1 P 0
L 4.4177663 4.1367917 4.4177663 4.1584452 1 P 0
L 4.4199419 2.3277558 4.459312 2.3277558 1 P 0
L 4.4202756 3.6702857 4.4202756 3.6919392 1 P 0
L 4.4232283 3.781496 4.4625984 3.781496 1 P 0
L 4.4289506 4.6860335 4.4289506 4.7254035 1 P 0
L 4.4291339 4.5836614 4.4291339 4.6230315 1 P 0
L 4.4310912 2.6456694 4.4310912 2.7598426 0 P 0
L 4.4330715 2.5324804 4.4330715 2.5718505 1 P 0
L 4.4370079 4.3464567 4.4370079 4.4527559 0 P 0
L 4.4394197 4.1869983 4.4394197 4.2696755 0 P 0
L 4.4394198 4.1062799 4.4394198 4.1889571 0 P 0
L 4.4396269 2.3080707 4.4396269 2.3474408 1 P 0
L 4.4429133 3.7618109 4.4429133 3.801181 1 P 0
L 4.4478346 1.1427166 4.4478346 1.5521654 0 P 0
L 4.4507882 2.6515749 4.4507882 2.7539371 0 P 0
L 4.4507882 2.6515749 4.5059063 2.6515749 0 P 0
L 4.4507882 2.7539371 4.5059063 2.7539371 0 P 0
L 4.4517816 1.156496 4.4517816 1.2391732 0 P 0
L 4.4517816 1.156496 4.4950886 1.156496 0 P 0
L 4.4517816 1.2391732 4.4950886 1.2391732 0 P 0
L 4.4566929 4.5521653 4.4566929 4.6545275 0 P 0
L 4.4586622 2.702756 4.4980323 2.702756 1 P 0
L 4.4626083 1.1978346 4.4842618 1.1978346 1 P 0
L 4.4645769 4.5521654 4.4645769 4.6545276 0 P 0
L 4.4645769 4.5521654 4.519695 4.5521654 0 P 0
L 4.4645769 4.6545276 4.519695 4.6545276 0 P 0
L 4.4655512 4.0515144 4.4655512 4.3152873 0 P 0
L 4.467186 2.2765747 4.467186 2.3789369 0 P 0
L 4.4704724 3.7303149 4.4704724 3.8326771 0 P 0
L 4.472441 2.3956593 4.472441 2.5118011 0 P 0
L 4.4724509 4.6033465 4.511821 4.6033465 1 P 0
L 4.4734351 1.1870078 4.4734351 1.2086613 1 P 0
L 4.4783472 2.6830709 4.4783472 2.722441 1 P 0
L 4.4842526 2.5246064 4.4842526 2.5797245 0 P 0
L 4.4872048 3.6811125 4.5088583 3.6811125 1 P 0
L 4.492136 4.5836615 4.492136 4.6230316 1 P 0
L 4.4939112 4.6565059 4.4939112 4.7549311 0 P 0
L 4.4950886 1.156496 4.4950886 1.2391732 0 P 0
L 4.4980315 3.6702857 4.4980315 3.6919392 1 P 0
L 4.5006408 2.1734351 4.5006408 2.2600493 0 P 0
L 4.5059063 2.6515749 4.5059063 2.7539371 0 P 0
L 4.5177165 3.7352362 4.5177165 3.7864174 0 P 0
L 4.5177165 3.7352362 4.6318897 3.7352362 0 P 0
L 4.5177165 3.7864174 4.6318897 3.7864174 0 P 0
L 4.519695 4.5521654 4.519695 4.6545276 0 P 0
L 4.5216536 3.7883958 4.5216536 3.8435139 0 P 0
L 4.5216536 3.7883958 4.6240158 3.7883958 0 P 0
L 4.5216536 3.8435139 4.6240158 3.8435139 0 P 0
L 4.531496 3.4704725 4.5708661 3.4704725 1 P 0
L 4.547241 4.1840583 4.586611 4.1840583 1 P 0
L 4.5511811 3.4507875 4.5511811 3.4901575 1 P 0
L 4.5531497 3.8159548 4.5925198 3.8159548 1 P 0
L 4.5639763 3.7608268 4.5856298 3.7608268 1 P 0
L 4.566926 4.1643733 4.566926 4.2037434 1 P 0
L 4.5728347 3.7962698 4.5728347 3.8356399 1 P 0
L 4.5748031 3.7500001 4.5748031 3.7716536 1 P 0
L 4.6003936 3.6667425 4.6003936 3.7100495 0 P 0
L 4.6003936 3.6667425 4.6830708 3.6667425 0 P 0
L 4.6003936 3.7100495 4.6830708 3.7100495 0 P 0
L 4.622048 1.5769685 4.622048 2.1675197 0 P 0
L 4.622637 4.4428943 4.622637 4.4980124 0 P 0
L 4.622637 4.4428943 4.7249992 4.4428943 0 P 0
L 4.622637 4.4980124 4.7249992 4.4980124 0 P 0
L 4.6240158 3.7883958 4.6240158 3.8435139 0 P 0
L 4.6309055 3.688396 4.652559 3.688396 1 P 0
L 4.6318897 3.7352362 4.6318897 3.7864174 0 P 0
L 4.6417322 3.6775692 4.6417322 3.6992227 1 P 0
L 4.6541331 4.4704533 4.6935032 4.4704533 1 P 0
L 4.6653543 4.5049213 4.6653543 4.8986221 0 P 0
L 4.6653543 4.5049213 4.7401575 4.5049213 0 P 0
L 4.6653543 4.8986221 4.7401575 4.8986221 0 P 0
L 4.6663298 1.7116141 4.6663298 1.8927165 0 P 0
L 4.6663298 1.7116141 4.752944 1.7116141 0 P 0
L 4.6663298 1.8927165 4.752944 1.8927165 0 P 0
L 4.6683072 4.0528164 4.6683072 4.3166023 0 P 0
L 4.6702856 4.1279139 4.6702856 4.3365753 0 P 0
L 4.6702856 4.1279139 4.9990258 4.1279139 0 P 0
L 4.6702856 4.3365753 4.9990258 4.3365753 0 P 0
L 4.6702856 4.3385537 4.6702856 4.4409159 0 P 0
L 4.6702856 4.3385537 4.7254037 4.3385537 0 P 0
L 4.6702856 4.4409159 4.7254037 4.4409159 0 P 0
L 4.6738181 4.4507683 4.6738181 4.4901384 1 P 0
L 4.6781596 4.3897348 4.7175297 4.3897348 1 P 0
L 4.6830708 3.6667425 4.6830708 3.7100495 0 P 0
L 4.6899519 1.8021653 4.7293219 1.8021653 1 P 0
L 4.690944 2.4458661 4.690944 2.5620079 0 P 0
L 4.690944 2.4458661 4.8287393 2.4458661 0 P 0
L 4.690944 2.5620079 4.8287393 2.5620079 0 P 0
L 4.6947627 2.6456694 4.6947627 2.7598426 0 P 0
L 4.6947627 2.6456694 4.7459439 2.6456694 0 P 0
L 4.6947627 2.7598426 4.7459439 2.7598426 0 P 0
L 4.6968504 3.2874016 4.6968504 3.6535434 0 P 0
L 4.6978447 4.3700498 4.6978447 4.4094199 1 P 0
L 4.7037401 1.363189 4.7332677 1.363189 1 P 0
L 4.7076783 2.5748132 4.7076783 2.6299313 0 P 0
L 4.7076783 2.5748132 4.8100405 2.5748132 0 P 0
L 4.7076783 2.6299313 4.8100405 2.6299313 0 P 0
L 4.7095266 2.702756 4.7311801 2.702756 1 P 0
L 4.7096369 1.7824803 4.7096369 1.8218504 1 P 0
L 4.7135929 3.3700787 4.7352464 3.3700787 1 P 0
L 4.7203533 2.6919293 4.7203533 2.7135828 1 P 0
L 4.7244095 4.9006005 4.7244095 4.9722541 0 P 0
L 4.7244095 4.9006005 4.8622047 4.9006005 0 P 0
L 4.7244095 4.9722541 4.8622047 4.9722541 0 P 0
L 4.7244196 3.3592519 4.7244196 3.3809054 1 P 0
L 4.7249992 4.4428943 4.7249992 4.4980124 0 P 0
L 4.7254037 4.3385537 4.7254037 4.4409159 0 P 0
L 4.7273821 4.3395669 4.7273821 4.4222441 0 P 0
L 4.7273821 4.3395669 4.7706891 4.3395669 0 P 0
L 4.7273821 4.4222441 4.7706891 4.4222441 0 P 0
L 4.730316 2.3730315 4.730316 2.4281496 0 P 0
L 4.730316 2.3730315 4.8326782 2.3730315 0 P 0
L 4.730316 2.4281496 4.8326782 2.4281496 0 P 0
L 4.7332677 1.3336614 4.7332677 1.363189 1 P 0
L 4.7332677 1.363189 4.7332677 1.3927166 1 P 0
L 4.7332677 1.363189 4.7627953 1.363189 1 P 0
L 4.7382089 4.3809055 4.7598624 4.3809055 1 P 0
L 4.7391743 2.6023723 4.7785444 2.6023723 1 P 0
L 4.7401566 2.503937 4.7795267 2.503937 1 P 0
L 4.7401575 4.5049213 4.7401575 4.5196851 0 P 0
L 4.7401575 4.5196851 4.8464567 4.5196851 0 P 0
L 4.7401575 4.8838583 4.7401575 4.8986221 0 P 0
L 4.7401575 4.8838583 4.8464567 4.8838583 0 P 0
L 4.7459439 2.6456694 4.7459439 2.7598426 0 P 0
L 4.7490356 4.3700788 4.7490356 4.3917323 1 P 0
L 4.752944 1.7116141 4.752944 1.8927165 0 P 0
L 4.7588594 1.5769685 4.7588594 2.1675197 0 P 0
L 4.7588594 1.5769685 5.3887806 1.5769685 0 P 0
L 4.7588594 2.1675197 5.3887806 2.1675197 0 P 0
L 4.7588594 2.5826872 4.7588594 2.6220573 1 P 0
L 4.7598416 2.484252 4.7598416 2.523622 1 P 0
L 4.761812 2.4005906 4.8011821 2.4005906 1 P 0
L 4.765747 2.6515749 4.765747 2.7539371 0 P 0
L 4.765747 2.6515749 4.8208651 2.6515749 0 P 0
L 4.765747 2.7539371 4.8208651 2.7539371 0 P 0
L 4.7706891 4.3395669 4.7706891 4.4222441 0 P 0
L 4.773621 2.702756 4.8129911 2.702756 1 P 0
L 4.7736221 4.7017717 4.8129921 4.7017717 1 P 0
L 4.7736221 4.9364273 4.8129921 4.9364273 1 P 0
L 4.7814971 2.3809055 4.7814971 2.4202756 1 P 0
L 4.7933061 2.683071 4.7933061 2.7224411 1 P 0
L 4.7933071 4.6820867 4.7933071 4.7214568 1 P 0
L 4.7933071 4.9167422 4.7933071 4.9561123 1 P 0
L 4.8100405 2.5748132 4.8100405 2.6299313 0 P 0
L 4.8149707 4.2322446 4.8543408 4.2322446 1 P 0
L 4.8208651 2.6515749 4.8208651 2.7539371 0 P 0
L 4.8287393 2.4458661 4.8287393 2.5620079 0 P 0
L 4.8326782 2.3730315 4.8326782 2.4281496 0 P 0
L 4.8346557 4.2125596 4.8346557 4.2519296 1 P 0
L 4.8464567 4.5049213 4.8464567 4.5196851 0 P 0
L 4.8464567 4.5049213 4.9212599 4.5049213 0 P 0
L 4.8464567 4.8838583 4.8464567 4.8986221 0 P 0
L 4.8464567 4.8986221 4.9212599 4.8986221 0 P 0
L 4.8543307 2.1724508 4.8543307 2.4618208 0 P 0
L 4.8543307 2.1724508 5.0669291 2.1724508 0 P 0
L 4.8543307 2.4618208 5.0669291 2.4618208 0 P 0
L 4.8543318 2.4736419 4.8543318 2.5760041 0 P 0
L 4.8543318 2.4736419 4.9094499 2.4736419 0 P 0
L 4.8543318 2.5760041 4.9094499 2.5760041 0 P 0
L 4.8612205 3.4251969 4.8612205 3.5275591 0 P 0
L 4.8612205 3.4251969 4.9163386 3.4251969 0 P 0
L 4.8612205 3.5275591 4.9163386 3.5275591 0 P 0
L 4.8622047 4.9006005 4.8622047 4.9722541 0 P 0
L 4.8622058 2.524823 4.9015759 2.524823 1 P 0
L 4.8661417 0.8828739 4.8661417 1.0639763 0 P 0
L 4.8661417 0.8828739 4.9527559 0.8828739 0 P 0
L 4.8661417 1.0639763 4.9527559 1.0639763 0 P 0
L 4.8690945 3.476378 4.9084646 3.476378 1 P 0
L 4.8818908 2.5051379 4.8818908 2.544508 1 P 0
L 4.8887796 3.456693 4.8887796 3.4960631 1 P 0
L 4.8897638 0.9734251 4.9291338 0.9734251 1 P 0
L 4.9094488 0.9537401 4.9094488 0.9931102 1 P 0
L 4.9094499 2.4736419 4.9094499 2.5760041 0 P 0
L 4.9163386 3.4251969 4.9163386 3.5275591 0 P 0
L 4.9212599 4.5049213 4.9212599 4.8986221 0 P 0
L 4.9409449 2.3171359 4.980315 2.3171359 1 P 0
L 4.9448819 3.4507874 4.9448819 3.5255906 0 P 0
L 4.9448819 3.4507874 5.3385827 3.4507874 0 P 0
L 4.9448819 3.5255906 4.9596457 3.5255906 0 P 0
L 4.9448819 3.6318898 4.9448819 3.706693 0 P 0
L 4.9448819 3.6318898 4.9596457 3.6318898 0 P 0
L 4.9448819 3.706693 5.3385827 3.706693 0 P 0
L 4.9527559 0.8828739 4.9527559 1.0639763 0 P 0
L 4.9596457 0.8425197 4.9596457 1.3937009 0 P 0
L 4.9596457 0.8425197 5.648622 0.8425197 0 P 0
L 4.9596457 1.3937009 5.648622 1.3937009 0 P 0
L 4.9596457 3.5255906 4.9596457 3.6318898 0 P 0
L 4.9606299 2.2974508 4.9606299 2.3368209 1 P 0
L 4.9990258 4.1279139 4.9990258 4.3365753 0 P 0
L 5.0075984 4.2027559 5.0075984 4.3011811 0 P 0
L 5.0075984 4.2027559 5.0390944 4.2027559 0 P 0
L 5.0075984 4.3011811 5.0390944 4.3011811 0 P 0
L 5.0118538 4.4734252 5.0335073 4.4734252 1 P 0
L 5.0118539 1.4251968 5.0335074 1.4251968 1 P 0
L 5.0226805 4.4625984 5.0226805 4.4842519 1 P 0
L 5.0226806 1.41437 5.0226806 1.4360235 1 P 0
L 5.0390944 4.1013779 5.0390944 4.2027559 0 P 0
L 5.0390944 4.1013779 5.541063 4.1013779 0 P 0
L 5.0390944 4.3011811 5.0390944 4.4025591 0 P 0
L 5.0390944 4.4025591 5.541063 4.4025591 0 P 0
L 5.054135 1.832874 5.093505 1.832874 1 P 0
L 5.0669291 2.1724508 5.0669291 2.4618208 0 P 0
L 5.07382 1.813189 5.07382 1.852559 1 P 0
L 5.086271 2.1734351 5.086271 2.2600493 0 P 0
L 5.086271 2.1734351 5.2673734 2.1734351 0 P 0
L 5.086271 2.2600493 5.2673734 2.2600493 0 P 0
L 5.101378 2.3956593 5.101378 2.5118011 0 P 0
L 5.101378 2.3956593 5.2391733 2.3956593 0 P 0
L 5.101378 2.5118011 5.2391733 2.5118011 0 P 0
L 5.1030032 2.2759842 5.1030032 2.3822834 0 P 0
L 5.1030032 2.2759842 5.1659953 2.2759842 0 P 0
L 5.1030032 2.3822834 5.1659953 2.3822834 0 P 0
L 5.1148142 2.3291338 5.1541843 2.3291338 1 P 0
L 5.1220472 3.5787402 5.1614173 3.5787402 1 P 0
L 5.132874 3.7086714 5.132874 3.8740257 0 P 0
L 5.132874 3.7086714 5.2746063 3.7086714 0 P 0
L 5.132874 3.8740257 5.2746063 3.8740257 0 P 0
L 5.1344993 2.3094488 5.1344993 2.3488188 1 P 0
L 5.1417323 3.5590552 5.1417323 3.5984252 1 P 0
L 5.1417323 4.4714567 5.1633858 4.4714567 1 P 0
L 5.1466426 2.6456694 5.1466426 2.7598426 0 P 0
L 5.1466426 2.6456694 5.1978238 2.6456694 0 P 0
L 5.1466426 2.7598426 5.1978238 2.7598426 0 P 0
L 5.148621 2.5246064 5.148621 2.5797245 0 P 0
L 5.148621 2.5246064 5.2509832 2.5246064 0 P 0
L 5.148621 2.5797245 5.2509832 2.5797245 0 P 0
L 5.1505906 2.4537302 5.1899607 2.4537302 1 P 0
L 5.152559 4.4606299 5.152559 4.4822834 1 P 0
L 5.1571371 2.2167422 5.1965072 2.2167422 1 P 0
L 5.1614065 2.702756 5.18306 2.702756 1 P 0
L 5.1659953 2.2759842 5.1659953 2.3822834 0 P 0
L 5.1702757 2.4340452 5.1702757 2.4734152 1 P 0
L 5.1722332 2.6919293 5.1722332 2.7135828 1 P 0
L 5.1768222 2.1970572 5.1768222 2.2364272 1 P 0
L 5.1788005 2.2765747 5.1788005 2.3789369 0 P 0
L 5.1788005 2.2765747 5.2339186 2.2765747 0 P 0
L 5.1788005 2.3789369 5.2339186 2.3789369 0 P 0
L 5.180117 2.5521655 5.2194871 2.5521655 1 P 0
L 5.1840551 3.7913486 5.2234252 3.7913486 1 P 0
L 5.1866745 2.3277558 5.2260446 2.3277558 1 P 0
L 5.1978238 2.6456694 5.1978238 2.7598426 0 P 0
L 5.1998021 2.5324804 5.1998021 2.5718505 1 P 0
L 5.2037402 3.7716635 5.2037402 3.8110336 1 P 0
L 5.2063595 2.3080707 5.2063595 2.3474408 1 P 0
L 5.2175208 2.6515749 5.2175208 2.7539371 0 P 0
L 5.2175208 2.6515749 5.2726389 2.6515749 0 P 0
L 5.2175208 2.7539371 5.2726389 2.7539371 0 P 0
L 5.2253948 2.702756 5.2647649 2.702756 1 P 0
L 5.2339186 2.2765747 5.2339186 2.3789369 0 P 0
L 5.2391733 2.3956593 5.2391733 2.5118011 0 P 0
L 5.2450798 2.6830709 5.2450798 2.722441 1 P 0
L 5.2509832 2.5246064 5.2509832 2.5797245 0 P 0
L 5.2546457 4.2519685 5.2940157 4.2519685 0 P 0
L 5.2627952 4.7933498 5.2923228 4.7933498 1 P 0
L 5.2673734 2.1734351 5.2673734 2.2600493 0 P 0
L 5.2726389 2.6515749 5.2726389 2.7539371 0 P 0
L 5.2743307 4.2322835 5.2743307 4.2716535 0 P 0
L 5.2746063 3.7086714 5.2746063 3.8740257 0 P 0
L 5.2923228 4.7638222 5.2923228 4.7933498 1 P 0
L 5.2923228 4.7933498 5.2923228 4.8228774 1 P 0
L 5.2923228 4.7933498 5.3218504 4.7933498 1 P 0
L 5.3139764 1.1181103 5.3533464 1.1181103 1 P 0
L 5.3238189 3.5255906 5.3238189 3.6318898 0 P 0
L 5.3238189 3.5255906 5.3385827 3.5255906 0 P 0
L 5.3238189 3.6318898 5.3385827 3.6318898 0 P 0
L 5.3336614 1.0984253 5.3336614 1.1377953 1 P 0
L 5.3385827 3.4507874 5.3385827 3.5255906 0 P 0
L 5.3385827 3.6318898 5.3385827 3.706693 0 P 0
L 5.3405611 3.5137795 5.3405611 3.6515747 0 P 0
L 5.3405611 3.5137795 5.4122147 3.5137795 0 P 0
L 5.3405611 3.6515747 5.4122147 3.6515747 0 P 0
L 5.3567029 3.5826771 5.396073 3.5826771 1 P 0
L 5.3763879 3.5629921 5.3763879 3.6023621 1 P 0
L 5.3887806 1.5769685 5.3887806 2.1675197 0 P 0
L 5.4122147 3.5137795 5.4122147 3.6515747 0 P 0
L 5.541063 4.1013779 5.541063 4.4025591 0 P 0
L 5.648622 0.8425197 5.648622 1.3937009 0 P 0
