#Layer_Color=16711935
#
#Feature symbol names
#
$0 r3.937
$1 r108.2677
$2 rect70.8662x18.004

#
#Feature attribute names
#

#
#Layer features
#
A 2.6328741 4.7933498 2.6328741 4.7933498 2.5787402 4.7933498 1 P 0 N
A 2.8051182 4.7933498 2.8051182 4.7933498 2.5787402 4.7933498 0 P 0 N
A 3.1909449 3.6318898 3.1909449 3.6318898 3.1712599 3.6318898 0 P 0 N
A 3.2250198 3.3695371 3.2250198 3.3695371 3.2053348 3.3695371 0 P 0 N
A 3.325182 1.363189 3.325182 1.363189 3.2710481 1.363189 1 P 0 N
A 3.4974261 1.363189 3.4974261 1.363189 3.2710481 1.363189 0 P 0 N
A 3.5362204 4.7480313 3.5362204 4.7480313 3.5204724 4.7480313 0 P 0 N
A 3.729734 1.1675297 3.729734 1.1675297 3.710049 1.1675297 0 P 0 N
A 4.0530582 3.605315 4.0530582 3.605315 3.9980347 3.605315 0 P 0 N
A 4.1072834 3.9606099 4.1072834 3.9606099 4.0875984 3.9606099 0 P 0 N
A 4.269685 3.5070509 4.269685 3.5070509 4.253937 3.5070509 0 P 0 N
A 4.3010865 3.3790881 4.3010865 3.3790881 4.2853385 3.3790881 0 P 0 N
A 4.3641732 1.1879922 4.3641732 1.1879922 4.3444882 1.1879922 0 P 0 N
A 4.4753938 4.0522687 4.5670326 3.9606299 4.5670326 4.0522687 0 P 0 N
A 4.4940946 4.0590551 4.5669292 3.9862205 4.5669292 4.0590551 0 P 0 N
A 4.527559 3.6082678 4.527559 3.6082678 4.507874 3.6082678 0 P 0 N
A 4.5663359 4.3818897 4.4940946 4.3096484 4.5663359 4.3096484 0 P 0 N
A 4.5669292 3.9862205 4.6397638 4.0590551 4.5669292 4.0590551 0 P 0 N
A 4.5670326 3.9606299 4.6584646 4.0520619 4.5670326 4.0520619 0 P 0 N
A 4.5677583 4.4074803 4.4753938 4.3151158 4.5677583 4.3151158 0 P 0 N
A 4.6397638 4.3084618 4.5663359 4.3818897 4.5663359 4.3084618 0 P 0 N
A 4.6584646 4.316774 4.5677583 4.4074803 4.5677583 4.316774 0 P 0 N
A 4.7874016 1.363189 4.7874016 1.363189 4.7332677 1.363189 1 P 0 N
A 4.8130021 4.2814572 4.8130021 4.2814572 4.7933171 4.2814572 0 P 0 N
A 4.9596457 1.363189 4.9596457 1.363189 4.7332677 1.363189 0 P 0 N
A 5.3464567 4.7933498 5.3464567 4.7933498 5.2923228 4.7933498 1 P 0 N
A 5.5187008 4.7933498 5.5187008 4.7933498 5.2923228 4.7933498 0 P 0 N
L 2.2490157 0.9645659 2.2490157 1.2716525 0 P 0
L 2.2490157 0.9645659 2.5374015 0.9645659 0 P 0
L 2.2490157 1.2716525 2.5374015 1.2716525 0 P 0
L 2.2496064 3.0285533 2.2496064 3.3356399 0 P 0
L 2.2496064 3.0285533 2.5379922 3.0285533 0 P 0
L 2.2496064 3.3356399 2.5379922 3.3356399 0 P 0
L 2.2864172 1.0541328 2.2864172 1.1820856 0 P 0
L 2.2864172 1.0541328 2.2962597 1.0442903 0 P 0
L 2.2864172 1.1820856 2.2962597 1.1919281 0 P 0
L 2.2870079 3.1181202 2.2870079 3.246073 0 P 0
L 2.2870079 3.1181202 2.2968504 3.1082777 0 P 0
L 2.2870079 3.246073 2.2968504 3.2559155 0 P 0
L 2.2962597 1.0442903 2.5374015 1.0442903 0 P 0
L 2.2962597 1.1919281 2.5374015 1.1919281 0 P 0
L 2.2968504 3.1082777 2.5379922 3.1082777 0 P 0
L 2.2968504 3.2559155 2.5379922 3.2559155 0 P 0
L 2.3297243 1.0442903 2.3297243 1.1919281 0 P 0
L 2.330315 3.1082777 2.330315 3.2559155 0 P 0
L 2.3307086 0.8917312 2.3307086 0.9645659 0 P 0
L 2.3307086 0.8917312 2.3454724 0.8917312 0 P 0
L 2.3307086 1.2716525 2.3307086 1.3444872 0 P 0
L 2.3307086 1.3444872 2.3454724 1.3444872 0 P 0
L 2.3312993 2.9557186 2.3312993 3.0285533 0 P 0
L 2.3312993 2.9557186 2.3460631 2.9557186 0 P 0
L 2.3312993 3.3356399 2.3312993 3.4084746 0 P 0
L 2.3312993 3.4084746 2.3460631 3.4084746 0 P 0
L 2.3328794 3.4881832 2.3328794 4.0058984 0 P 0
L 2.3328794 3.4881832 2.8147706 3.4881832 0 P 0
L 2.3328794 4.0058984 2.8147706 4.0058984 0 P 0
L 2.333273 4.0275533 2.333273 4.5452685 0 P 0
L 2.333273 4.0275533 2.8151642 4.0275533 0 P 0
L 2.333273 4.5452685 2.8151642 4.5452685 0 P 0
L 2.3454724 0.8720462 2.3454724 0.8917312 0 P 0
L 2.3454724 0.8720462 2.5374015 0.8720462 0 P 0
L 2.3454724 0.8917312 2.7716535 0.8917312 0 P 0
L 2.3454724 1.3444872 2.3454724 1.3641722 0 P 0
L 2.3454724 1.3444872 2.7716535 1.3444872 0 P 0
L 2.3454724 1.3641722 2.5374015 1.3641722 0 P 0
L 2.3460631 2.9360336 2.3460631 2.9557186 0 P 0
L 2.3460631 2.9360336 2.5379922 2.9360336 0 P 0
L 2.3460631 2.9557186 2.7722442 2.9557186 0 P 0
L 2.3460631 3.4084746 2.3460631 3.4281596 0 P 0
L 2.3460631 3.4084746 2.7722442 3.4084746 0 P 0
L 2.3460631 3.4281596 2.5379922 3.4281596 0 P 0
L 2.3720375 1.7450787 2.3720375 1.8592519 0 P 0
L 2.3720375 1.7450787 2.4468407 1.7450787 0 P 0
L 2.3720375 1.8592519 2.4468407 1.8592519 0 P 0
L 2.390748 1.1122036 2.390748 1.1181092 0 P 0
L 2.390748 1.1122036 2.3996062 1.1033454 0 P 0
L 2.390748 1.1181092 2.390748 1.1240147 0 P 0
L 2.390748 1.1240147 2.3996063 1.132873 0 P 0
L 2.3913387 3.176191 2.3913387 3.1820966 0 P 0
L 2.3913387 3.176191 2.4001969 3.1673328 0 P 0
L 2.3913387 3.1820966 2.3913387 3.1880021 0 P 0
L 2.3913387 3.1880021 2.400197 3.1968604 0 P 0
L 2.3986222 2.4665354 2.3986222 2.5413386 0 P 0
L 2.3986222 2.4665354 2.5206694 2.4665354 0 P 0
L 2.3986222 2.5413386 2.5206694 2.5413386 0 P 0
L 2.3996061 1.1122036 2.3996062 1.1122037 0 P 0
L 2.3996062 1.1033454 2.3996062 1.1328729 0 P 0
L 2.3996062 1.1033454 2.437992 1.1033454 0 P 0
L 2.3996062 1.1122037 2.4881889 1.1122037 0 P 0
L 2.3996062 1.1240147 2.4881889 1.1240147 0 P 0
L 2.3996063 1.132873 2.4379921 1.132873 0 P 0
L 2.4001968 3.176191 2.4001969 3.1761911 0 P 0
L 2.4001969 3.1673328 2.4001969 3.1968603 0 P 0
L 2.4001969 3.1673328 2.4385827 3.1673328 0 P 0
L 2.4001969 3.1761911 2.4887796 3.1761911 0 P 0
L 2.4001969 3.1880021 2.4887796 3.1880021 0 P 0
L 2.400197 3.1968604 2.4385828 3.1968604 0 P 0
L 2.4044095 2.6712599 2.4044095 2.7342521 0 P 0
L 2.4044095 2.6712599 2.4359055 2.6712599 0 P 0
L 2.4044095 2.7342521 2.4359055 2.7342521 0 P 0
L 2.425197 2.5846558 2.425197 2.6200888 0 P 0
L 2.425197 2.5846558 2.4921262 2.5846558 0 P 0
L 2.425197 2.6200888 2.4921262 2.6200888 0 P 0
L 2.4359055 2.6712599 2.4359055 2.7342521 0 P 0
L 2.437992 1.1033454 2.4881889 1.1033454 0 P 0
L 2.437992 1.1328729 2.4379921 1.132873 0 P 0
L 2.4379921 1.132873 2.4881889 1.132873 0 P 0
L 2.4385827 3.1673328 2.4887796 3.1673328 0 P 0
L 2.4385827 3.1968603 2.4385828 3.1968604 0 P 0
L 2.4385828 3.1968604 2.4887796 3.1968604 0 P 0
L 2.4468407 1.7450787 2.4468407 1.8592519 0 P 0
L 2.4478347 2.3828741 2.4478347 2.4183071 0 P 0
L 2.4478347 2.3828741 2.5147639 2.3828741 0 P 0
L 2.4478347 2.4183071 2.5147639 2.4183071 0 P 0
L 2.4753938 2.6692914 2.4753938 2.7362206 0 P 0
L 2.4753938 2.6692914 2.5108268 2.6692914 0 P 0
L 2.4753938 2.7362206 2.5108268 2.7362206 0 P 0
L 2.4881889 1.0442903 2.4881889 1.1919281 0 P 0
L 2.4887796 3.1082777 2.4887796 3.2559155 0 P 0
L 2.4921262 2.5846558 2.4921262 2.6200888 0 P 0
L 2.4960631 1.6360236 2.4960631 2.0297244 0 P 0
L 2.4960631 1.6360236 3.0511813 1.6360236 0 P 0
L 2.4960631 2.0297244 2.6301183 2.0297244 0 P 0
L 2.5108268 2.6692914 2.5108268 2.7362206 0 P 0
L 2.5147639 2.3828741 2.5147639 2.4183071 0 P 0
L 2.5206694 2.4665354 2.5206694 2.5413386 0 P 0
L 2.5374015 0.8720462 2.5374015 0.8917312 0 P 0
L 2.5374015 0.9645659 2.5374015 1.2716525 0 P 0
L 2.5374015 1.3444872 2.5374015 1.3641722 0 P 0
L 2.5379922 2.9360336 2.5379922 2.9557186 0 P 0
L 2.5379922 3.0285533 2.5379922 3.3356399 0 P 0
L 2.5379922 3.4084746 2.5379922 3.4281596 0 P 0
L 2.5639765 2.4913584 2.5639765 2.5582876 0 P 0
L 2.5639765 2.4913584 2.5994095 2.4913584 0 P 0
L 2.5639765 2.5582876 2.5994095 2.5582876 0 P 0
L 2.566929 1.6734251 2.566929 1.7423228 0 P 0
L 2.566929 1.6734251 2.5669292 1.6734249 0 P 0
L 2.566929 1.7423228 2.566929 1.8112205 0 P 0
L 2.566929 1.8112205 2.6358267 1.8112205 0 P 0
L 2.5669292 1.6507874 2.5669292 1.6734249 0 P 0
L 2.5669292 1.6507874 2.6358269 1.6507874 0 P 0
L 2.5669292 1.8545275 2.5669292 1.9234252 0 P 0
L 2.5669292 1.8545275 2.6358269 1.8545275 0 P 0
L 2.5669292 1.9234252 2.5669292 1.9923229 0 P 0
L 2.5669292 1.9923229 2.6358269 1.9923229 0 P 0
L 2.5994095 2.4913584 2.5994095 2.5582876 0 P 0
L 2.6301183 2.0297244 2.6301183 2.1492126 0 P 0
L 2.6301183 2.1492126 2.9171261 2.1492126 0 P 0
L 2.6358267 1.6734251 2.6358269 1.6734249 0 P 0
L 2.6358267 1.6734251 2.7047244 1.6734251 0 P 0
L 2.6358267 1.8112205 2.7047244 1.8112205 0 P 0
L 2.6358269 1.6507874 2.6358269 1.6734249 0 P 0
L 2.6358269 1.8545275 2.7047246 1.8545275 0 P 0
L 2.6358269 1.9923229 2.7047246 1.9923229 0 P 0
L 2.6653545 1.9923228 2.6653545 2.1139764 0 P 0
L 2.6653545 2.1139764 2.8818899 2.1139764 0 P 0
L 2.7047244 1.6734251 2.7047244 1.7423228 0 P 0
L 2.7047244 1.6734251 2.7736221 1.6734251 0 P 0
L 2.7047244 1.7423228 2.7047244 1.8112205 0 P 0
L 2.7047244 1.8112205 2.7736221 1.8112205 0 P 0
L 2.7047246 1.8545275 2.7047246 1.9234252 0 P 0
L 2.7047246 1.8545275 2.7736223 1.8545275 0 P 0
L 2.7047246 1.9234252 2.7047246 1.9923229 0 P 0
L 2.7047246 1.9923229 2.7736223 1.9923229 0 P 0
L 2.7293309 2.1035432 2.7293309 2.1139764 0 P 0
L 2.7293309 2.1035432 2.7342521 2.098622 0 P 0
L 2.7342521 2.098622 2.8129922 2.098622 0 P 0
L 2.7716535 0.8917312 2.7716535 1.3444872 0 P 0
L 2.7716535 0.9645659 2.8356298 0.9645659 0 P 0
L 2.7716535 0.9901565 2.8356298 0.9901565 0 P 0
L 2.7716535 0.996062 2.8356298 0.996062 0 P 0
L 2.7716535 1.1023611 2.8356298 1.1023611 0 P 0
L 2.7716535 1.1279517 2.8356298 1.1279517 0 P 0
L 2.7716535 1.1338572 2.8356298 1.1338572 0 P 0
L 2.7716535 1.2401564 2.8356298 1.2401564 0 P 0
L 2.7716535 1.2470462 2.7726377 1.246062 0 P 0
L 2.7716535 1.265747 2.8356298 1.265747 0 P 0
L 2.7716535 1.2716525 2.8356298 1.2716525 0 P 0
L 2.7722442 2.9557186 2.7722442 3.4084746 0 P 0
L 2.7722442 3.0285533 2.8362205 3.0285533 0 P 0
L 2.7722442 3.0541439 2.8362205 3.0541439 0 P 0
L 2.7722442 3.0600494 2.8362205 3.0600494 0 P 0
L 2.7722442 3.1663485 2.8362205 3.1663485 0 P 0
L 2.7722442 3.1919391 2.8362205 3.1919391 0 P 0
L 2.7722442 3.1978446 2.8362205 3.1978446 0 P 0
L 2.7722442 3.3041438 2.8362205 3.3041438 0 P 0
L 2.7722442 3.3110336 2.7732284 3.3100494 0 P 0
L 2.7722442 3.3297344 2.8362205 3.3297344 0 P 0
L 2.7722442 3.3356399 2.8362205 3.3356399 0 P 0
L 2.7726377 0.9704715 2.8356298 0.9704715 0 P 0
L 2.7726377 1.1082667 2.8356298 1.1082667 0 P 0
L 2.7726377 1.246062 2.8356298 1.246062 0 P 0
L 2.7732284 3.0344589 2.8362205 3.0344589 0 P 0
L 2.7732284 3.1722541 2.8362205 3.1722541 0 P 0
L 2.7732284 3.3100494 2.8362205 3.3100494 0 P 0
L 2.7736221 1.6734251 2.8425198 1.6734251 0 P 0
L 2.7736221 1.8112205 2.8425198 1.8112205 0 P 0
L 2.7736223 1.8545275 2.84252 1.8545275 0 P 0
L 2.7736223 1.9923229 2.84252 1.9923229 0 P 0
L 2.8090552 2.4163286 2.8090552 2.4911318 0 P 0
L 2.8090552 2.4163286 2.9311024 2.4163286 0 P 0
L 2.8090552 2.4911318 2.9311024 2.4911318 0 P 0
L 2.8129922 2.098622 2.8179135 2.1035433 0 P 0
L 2.8146164 2.294685 2.8146164 2.3635826 0 P 0
L 2.8146164 2.294685 2.8539865 2.294685 0 P 0
L 2.8146164 2.3635826 2.8539865 2.3635826 0 P 0
L 2.8147706 3.4881832 2.8147706 4.0058984 0 P 0
L 2.8151642 4.0275533 2.8151642 4.5452685 0 P 0
L 2.8179135 2.1035433 2.8179135 2.1139764 0 P 0
L 2.8189076 2.1793406 2.8189076 2.2541438 0 P 0
L 2.8189076 2.1793406 2.9330808 2.1793406 0 P 0
L 2.8189076 2.2541438 2.9330808 2.2541438 0 P 0
L 2.8356298 0.9645659 2.8622046 0.9645659 0 P 0
L 2.8356298 0.9704715 2.8356299 0.9704714 0 P 0
L 2.8356298 0.9901565 2.8562991 0.9901565 0 P 0
L 2.8356298 0.996062 2.8622046 0.996062 0 P 0
L 2.8356298 1.1023611 2.8622046 1.1023611 0 P 0
L 2.8356298 1.1082667 2.8356299 1.1082666 0 P 0
L 2.8356298 1.1279517 2.8562991 1.1279517 0 P 0
L 2.8356298 1.1338572 2.8622046 1.1338572 0 P 0
L 2.8356298 1.2401564 2.8622046 1.2401564 0 P 0
L 2.8356298 1.246062 2.8356299 1.2460619 0 P 0
L 2.8356298 1.265747 2.8562991 1.265747 0 P 0
L 2.8356298 1.2716525 2.8622046 1.2716525 0 P 0
L 2.8356299 0.9704714 2.8562991 0.9704714 0 P 0
L 2.8356299 1.1082666 2.8562991 1.1082666 0 P 0
L 2.8356299 1.2460619 2.8562991 1.2460619 0 P 0
L 2.8362205 3.0285533 2.8627953 3.0285533 0 P 0
L 2.8362205 3.0344589 2.8362206 3.0344588 0 P 0
L 2.8362205 3.0541439 2.8568898 3.0541439 0 P 0
L 2.8362205 3.0600494 2.8627953 3.0600494 0 P 0
L 2.8362205 3.1663485 2.8627953 3.1663485 0 P 0
L 2.8362205 3.1722541 2.8362206 3.172254 0 P 0
L 2.8362205 3.1919391 2.8568898 3.1919391 0 P 0
L 2.8362205 3.1978446 2.8627953 3.1978446 0 P 0
L 2.8362205 3.3041438 2.8627953 3.3041438 0 P 0
L 2.8362205 3.3100494 2.8362206 3.3100493 0 P 0
L 2.8362205 3.3297344 2.8568898 3.3297344 0 P 0
L 2.8362205 3.3356399 2.8627953 3.3356399 0 P 0
L 2.8362206 3.0344588 2.8568898 3.0344588 0 P 0
L 2.8362206 3.172254 2.8568898 3.172254 0 P 0
L 2.8362206 3.3100493 2.8568898 3.3100493 0 P 0
L 2.8375985 4.5364173 2.8375985 4.9931103 0 P 0
L 2.8375985 4.5364173 3.1722442 4.5364173 0 P 0
L 2.8375985 4.9931103 3.1722442 4.9931103 0 P 0
L 2.8425198 1.6734251 2.8425198 1.7423228 0 P 0
L 2.8425198 1.6734251 2.9114175 1.6734251 0 P 0
L 2.8425198 1.7423228 2.8425198 1.8112205 0 P 0
L 2.8425198 1.8112205 2.9114175 1.8112205 0 P 0
L 2.84252 1.8545275 2.84252 1.9234252 0 P 0
L 2.84252 1.8545275 2.9114177 1.8545275 0 P 0
L 2.84252 1.9234252 2.84252 1.9923229 0 P 0
L 2.84252 1.9923229 2.9114177 1.9923229 0 P 0
L 2.8539865 2.294685 2.8539865 2.3635826 0 P 0
L 2.8562894 2.6712599 2.8562894 2.7342521 0 P 0
L 2.8562894 2.6712599 2.8877854 2.6712599 0 P 0
L 2.8562894 2.7342521 2.8877854 2.7342521 0 P 0
L 2.8562991 0.9704714 2.8562991 0.97244 0 P 0
L 2.8562991 0.9704714 2.8622046 0.9645659 0 P 0
L 2.8562991 0.9704714 2.8622046 0.9645659 0 P 0
L 2.8562991 0.97244 2.8562991 0.9901565 0 P 0
L 2.8562991 0.9901565 2.8622046 0.996062 0 P 0
L 2.8562991 0.9901565 2.8622046 0.996062 0 P 0
L 2.8562991 1.1082666 2.8562991 1.1102352 0 P 0
L 2.8562991 1.1082666 2.8622046 1.1023611 0 P 0
L 2.8562991 1.1082666 2.8622046 1.1023611 0 P 0
L 2.8562991 1.1102352 2.8562991 1.1279517 0 P 0
L 2.8562991 1.1279517 2.8622046 1.1338572 0 P 0
L 2.8562991 1.1279517 2.8622046 1.1338572 0 P 0
L 2.8562991 1.2460619 2.8562991 1.2480305 0 P 0
L 2.8562991 1.2460619 2.8622046 1.2401564 0 P 0
L 2.8562991 1.2460619 2.8622046 1.2401564 0 P 0
L 2.8562991 1.2480305 2.8562991 1.265747 0 P 0
L 2.8562991 1.265747 2.8622046 1.2716525 0 P 0
L 2.8562991 1.265747 2.8622046 1.2716525 0 P 0
L 2.8568898 3.0344588 2.8568898 3.0364274 0 P 0
L 2.8568898 3.0344588 2.8627953 3.0285533 0 P 0
L 2.8568898 3.0344588 2.8627953 3.0285533 0 P 0
L 2.8568898 3.0364274 2.8568898 3.0541439 0 P 0
L 2.8568898 3.0541439 2.8627953 3.0600494 0 P 0
L 2.8568898 3.0541439 2.8627953 3.0600494 0 P 0
L 2.8568898 3.172254 2.8568898 3.1742226 0 P 0
L 2.8568898 3.172254 2.8627953 3.1663485 0 P 0
L 2.8568898 3.172254 2.8627953 3.1663485 0 P 0
L 2.8568898 3.1742226 2.8568898 3.1919391 0 P 0
L 2.8568898 3.1919391 2.8627953 3.1978446 0 P 0
L 2.8568898 3.1919391 2.8627953 3.1978446 0 P 0
L 2.8568898 3.3100493 2.8568898 3.3120179 0 P 0
L 2.8568898 3.3100493 2.8627953 3.3041438 0 P 0
L 2.8568898 3.3100493 2.8627953 3.3041438 0 P 0
L 2.8568898 3.3120179 2.8568898 3.3297344 0 P 0
L 2.8568898 3.3297344 2.8627953 3.3356399 0 P 0
L 2.8568898 3.3297344 2.8627953 3.3356399 0 P 0
L 2.8622046 0.9645659 2.8622046 0.996062 0 P 0
L 2.8622046 1.1023611 2.8622046 1.1338572 0 P 0
L 2.8622046 1.2401564 2.8622046 1.2716525 0 P 0
L 2.8627953 3.0285533 2.8627953 3.0600494 0 P 0
L 2.8627953 3.1663485 2.8627953 3.1978446 0 P 0
L 2.8627953 3.3041438 2.8627953 3.3356399 0 P 0
L 2.864577 3.5719352 2.864577 3.672172 0 P 0
L 2.864577 3.5719352 2.9157578 3.5719352 0 P 0
L 2.864577 3.672172 2.9157578 3.672172 0 P 0
L 2.864577 3.7136547 2.864577 3.8138915 0 P 0
L 2.864577 3.7136547 2.9157578 3.7136547 0 P 0
L 2.864577 3.8138915 2.9157578 3.8138915 0 P 0
L 2.864577 4.0807935 2.864577 4.1810303 0 P 0
L 2.864577 4.0807935 2.9157578 4.0807935 0 P 0
L 2.864577 4.1810303 2.9157578 4.1810303 0 P 0
L 2.864577 4.2205671 2.864577 4.3208039 0 P 0
L 2.864577 4.2205671 2.9157578 4.2205671 0 P 0
L 2.864577 4.3208039 2.9157578 4.3208039 0 P 0
L 2.864577 4.3603407 2.864577 4.4605775 0 P 0
L 2.864577 4.3603407 2.9157578 4.3603407 0 P 0
L 2.864577 4.4605775 2.9157578 4.4605775 0 P 0
L 2.8661417 2.534449 2.8661417 2.569882 0 P 0
L 2.8661417 2.534449 2.9330709 2.534449 0 P 0
L 2.8661417 2.569882 2.9330709 2.569882 0 P 0
L 2.8818899 1.9923228 2.8818899 2.1139764 0 P 0
L 2.8877854 2.6712599 2.8877854 2.7342521 0 P 0
L 2.8884452 2.2942912 2.8884452 2.3612204 0 P 0
L 2.8884452 2.2942912 2.9238782 2.2942912 0 P 0
L 2.8884452 2.3612204 2.9238782 2.3612204 0 P 0
L 2.9114175 1.6734251 2.9803152 1.6734251 0 P 0
L 2.9114175 1.8112205 2.9803152 1.8112205 0 P 0
L 2.9114177 1.8545275 2.9803154 1.8545275 0 P 0
L 2.9114177 1.9923229 2.9803154 1.9923229 0 P 0
L 2.9157578 3.5719352 2.9157578 3.672172 0 P 0
L 2.9157578 3.7136547 2.9157578 3.8138915 0 P 0
L 2.9157578 4.0807935 2.9157578 4.1810303 0 P 0
L 2.9157578 4.2205671 2.9157578 4.3208039 0 P 0
L 2.9157578 4.3603407 2.9157578 4.4605775 0 P 0
L 2.9171261 2.0297244 2.9171261 2.1492126 0 P 0
L 2.9171261 2.0297244 3.0511813 2.0297244 0 P 0
L 2.9232283 0.9133858 2.9232283 1.027559 0 P 0
L 2.9232283 0.9133858 2.9980315 0.9133858 0 P 0
L 2.9232283 1.027559 2.9980315 1.027559 0 P 0
L 2.9232381 1.2165355 2.9232381 1.3307087 0 P 0
L 2.9232381 1.2165355 2.9980413 1.2165355 0 P 0
L 2.9232381 1.3307087 2.9980413 1.3307087 0 P 0
L 2.9238288 3.293317 2.9238288 3.4074902 0 P 0
L 2.9238288 3.293317 2.998632 3.293317 0 P 0
L 2.9238288 3.4074902 2.998632 3.4074902 0 P 0
L 2.9238782 2.2942912 2.9238782 2.3612204 0 P 0
L 2.9271655 2.6692914 2.9271655 2.7362206 0 P 0
L 2.9271655 2.6692914 2.9625985 2.6692914 0 P 0
L 2.9271655 2.7362206 2.9625985 2.7362206 0 P 0
L 2.92875 2.9625984 2.92875 3.2303149 0 P 0
L 2.92875 2.9625984 3.0645768 2.9625984 0 P 0
L 2.92875 3.2303149 3.0645768 3.2303149 0 P 0
L 2.9311024 2.4163286 2.9311024 2.4911318 0 P 0
L 2.9330709 2.534449 2.9330709 2.569882 0 P 0
L 2.9330808 2.1793406 2.9330808 2.2541438 0 P 0
L 2.9378151 3.5550716 2.9378151 3.6220008 0 P 0
L 2.9378151 3.5550716 2.9732481 3.5550716 0 P 0
L 2.9378151 3.6220008 2.9732481 3.6220008 0 P 0
L 2.9378151 3.6594122 2.9378151 3.7263414 0 P 0
L 2.9378151 3.6594122 2.9732481 3.6594122 0 P 0
L 2.9378151 3.7263414 2.9732481 3.7263414 0 P 0
L 2.9486419 4.0698818 2.9486419 4.191929 0 P 0
L 2.9486419 4.0698818 3.0234451 4.0698818 0 P 0
L 2.9486419 4.191929 3.0234451 4.191929 0 P 0
L 2.9486419 4.2096555 2.9486419 4.3317027 0 P 0
L 2.9486419 4.2096555 3.0234451 4.2096555 0 P 0
L 2.9486419 4.3317027 3.0234451 4.3317027 0 P 0
L 2.9486419 4.3494292 2.9486419 4.4714764 0 P 0
L 2.9486419 4.3494292 3.0234451 4.3494292 0 P 0
L 2.9486419 4.4714764 3.0234451 4.4714764 0 P 0
L 2.9513879 3.4527757 2.9513879 3.5275789 0 P 0
L 2.9513879 3.4527757 3.0655611 3.4527757 0 P 0
L 2.9513879 3.5275789 3.0655611 3.5275789 0 P 0
L 2.9625985 2.6692914 2.9625985 2.7362206 0 P 0
L 2.9732481 3.5550716 2.9732481 3.6220008 0 P 0
L 2.9732481 3.6594122 2.9732481 3.7263414 0 P 0
L 2.9803152 1.6734251 2.9803152 1.7423228 0 P 0
L 2.9803152 1.7423228 2.9803152 1.8112205 0 P 0
L 2.9803154 1.8545275 2.9803154 1.9234252 0 P 0
L 2.9803154 1.9234252 2.9803154 1.9923229 0 P 0
L 2.9980315 0.9133858 2.9980315 1.027559 0 P 0
L 2.9980413 1.2165355 2.9980413 1.3307087 0 P 0
L 2.998632 3.293317 2.998632 3.4074902 0 P 0
L 3.0226378 3.8120178 3.0226378 3.8336713 0 P 0
L 3.0226378 3.8120178 3.0639764 3.8120178 0 P 0
L 3.0226378 3.8336713 3.0639764 3.8336713 0 P 0
L 3.0234451 4.0698818 3.0234451 4.191929 0 P 0
L 3.0234451 4.2096555 3.0234451 4.3317027 0 P 0
L 3.0234451 4.3494292 3.0234451 4.4714764 0 P 0
L 3.0511813 1.6360236 3.0511813 2.0297244 0 P 0
L 3.0531496 3.5964567 3.0531496 3.7893701 0 P 0
L 3.0531496 3.5964567 3.2066929 3.5964567 0 P 0
L 3.0531496 3.7893701 3.2066929 3.7893701 0 P 0
L 3.0638093 4.0295077 3.0638093 4.0649407 0 P 0
L 3.0638093 4.0295077 3.1307385 4.0295077 0 P 0
L 3.0638093 4.0649407 3.1307385 4.0649407 0 P 0
L 3.0638093 4.1397638 3.0638093 4.1751968 0 P 0
L 3.0638093 4.1397638 3.1307385 4.1397638 0 P 0
L 3.0638093 4.1751968 3.1307385 4.1751968 0 P 0
L 3.0638093 4.1987991 3.0638093 4.2342321 0 P 0
L 3.0638093 4.1987991 3.1307385 4.1987991 0 P 0
L 3.0638093 4.2342321 3.1307385 4.2342321 0 P 0
L 3.0638093 4.3680905 3.0638093 4.4035235 0 P 0
L 3.0638093 4.3680905 3.1307385 4.3680905 0 P 0
L 3.0638093 4.4035235 3.1307385 4.4035235 0 P 0
L 3.0638093 4.4783466 3.0638093 4.5137796 0 P 0
L 3.0638093 4.4783466 3.1307385 4.4783466 0 P 0
L 3.0638093 4.5137796 3.1307385 4.5137796 0 P 0
L 3.0639764 3.8120178 3.0639764 3.8336713 0 P 0
L 3.0639764 4.3090552 3.0639764 4.3444882 0 P 0
L 3.0639764 4.3090552 3.1309056 4.3090552 0 P 0
L 3.0639764 4.3444882 3.1309056 4.3444882 0 P 0
L 3.0645768 2.9625984 3.0645768 3.2303149 0 P 0
L 3.0655611 3.4527757 3.0655611 3.5275789 0 P 0
L 3.0716833 4.0866042 3.0716833 4.1181002 0 P 0
L 3.0716833 4.0866042 3.1346755 4.0866042 0 P 0
L 3.0716833 4.1181002 3.1346755 4.1181002 0 P 0
L 3.0716833 4.2558956 3.0716833 4.2873916 0 P 0
L 3.0716833 4.2558956 3.1346755 4.2558956 0 P 0
L 3.0716833 4.2873916 3.1346755 4.2873916 0 P 0
L 3.0716833 4.4251969 3.0716833 4.4566929 0 P 0
L 3.0716833 4.4251969 3.1346755 4.4251969 0 P 0
L 3.0716833 4.4566929 3.1346755 4.4566929 0 P 0
L 3.1307385 4.0295077 3.1307385 4.0649407 0 P 0
L 3.1307385 4.1397638 3.1307385 4.1751968 0 P 0
L 3.1307385 4.1987991 3.1307385 4.2342321 0 P 0
L 3.1307385 4.3680905 3.1307385 4.4035235 0 P 0
L 3.1307385 4.4783466 3.1307385 4.5137796 0 P 0
L 3.1309056 4.3090552 3.1309056 4.3444882 0 P 0
L 3.1318897 3.8563189 3.1318897 3.8917519 0 P 0
L 3.1318897 3.8563189 3.1988189 3.8563189 0 P 0
L 3.1318897 3.8917519 3.1988189 3.8917519 0 P 0
L 3.1346755 4.0866042 3.1346755 4.1181002 0 P 0
L 3.1346755 4.2558956 3.1346755 4.2873916 0 P 0
L 3.1346755 4.4251969 3.1346755 4.4566929 0 P 0
L 3.1352362 3.8120178 3.1352362 3.8336713 0 P 0
L 3.1352362 3.8120178 3.1765748 3.8120178 0 P 0
L 3.1352362 3.8336713 3.1765748 3.8336713 0 P 0
L 3.1387701 1.7450787 3.1387701 1.8592519 0 P 0
L 3.1387701 1.7450787 3.2135733 1.7450787 0 P 0
L 3.1387701 1.8592519 3.2135733 1.8592519 0 P 0
L 3.1653548 2.4665354 3.1653548 2.5413386 0 P 0
L 3.1653548 2.4665354 3.287402 2.4665354 0 P 0
L 3.1653548 2.5413386 3.287402 2.5413386 0 P 0
L 3.1699017 3.2829229 3.1699017 3.4049701 0 P 0
L 3.1699017 3.2829229 3.2919489 3.2829229 0 P 0
L 3.1699017 3.4049701 3.2919489 3.4049701 0 P 0
L 3.1711401 2.6712599 3.1711401 2.7342521 0 P 0
L 3.1711401 2.6712599 3.2026361 2.6712599 0 P 0
L 3.1711401 2.7342521 3.2026361 2.7342521 0 P 0
L 3.1722442 4.5364173 3.1722442 4.9931103 0 P 0
L 3.1765748 3.8120178 3.1765748 3.8336713 0 P 0
L 3.1799609 4.0846457 3.1799609 4.1200787 0 P 0
L 3.1799609 4.0846457 3.2468901 4.0846457 0 P 0
L 3.1799609 4.1200787 3.2468901 4.1200787 0 P 0
L 3.1799609 4.253937 3.1799609 4.28937 0 P 0
L 3.1799609 4.253937 3.2468901 4.253937 0 P 0
L 3.1799609 4.28937 3.2468901 4.28937 0 P 0
L 3.1799609 4.4232284 3.1799609 4.4586614 0 P 0
L 3.1799609 4.4232284 3.2468901 4.4232284 0 P 0
L 3.1799609 4.4586614 3.2468901 4.4586614 0 P 0
L 3.1919296 2.5846558 3.1919296 2.6200888 0 P 0
L 3.1919296 2.5846558 3.2588588 2.5846558 0 P 0
L 3.1919296 2.6200888 3.2588588 2.6200888 0 P 0
L 3.1988189 3.8563189 3.1988189 3.8917519 0 P 0
L 3.2026361 2.6712599 3.2026361 2.7342521 0 P 0
L 3.2066929 3.5964567 3.2066929 3.7893701 0 P 0
L 3.2135733 1.7450787 3.2135733 1.8592519 0 P 0
L 3.2145673 2.3828741 3.2145673 2.4183071 0 P 0
L 3.2145673 2.3828741 3.2814965 2.3828741 0 P 0
L 3.2145673 2.4183071 3.2814965 2.4183071 0 P 0
L 3.2421264 2.6692914 3.2421264 2.7362206 0 P 0
L 3.2421264 2.6692914 3.2775594 2.6692914 0 P 0
L 3.2421264 2.7362206 3.2775594 2.7362206 0 P 0
L 3.2468901 4.0846457 3.2468901 4.1200787 0 P 0
L 3.2468901 4.253937 3.2468901 4.28937 0 P 0
L 3.2468901 4.4232284 3.2468901 4.4586614 0 P 0
L 3.2490058 4.8759842 3.2490058 4.9153542 0 P 0
L 3.2490058 4.8759842 3.2775491 4.8759842 0 P 0
L 3.2490058 4.9153542 3.2775098 4.9153542 0 P 0
L 3.2588588 2.5846558 3.2588588 2.6200888 0 P 0
L 3.2598425 3.4719191 3.2598425 3.5073521 0 P 0
L 3.2598425 3.4719191 3.3267717 3.4719191 0 P 0
L 3.2598425 3.5073521 3.3267717 3.5073521 0 P 0
L 3.2627957 1.6360236 3.2627957 2.0297244 0 P 0
L 3.2627957 1.6360236 3.8179139 1.6360236 0 P 0
L 3.2627957 2.0297244 3.3968509 2.0297244 0 P 0
L 3.2775098 4.8306692 3.2775098 4.9606692 0 P 0
L 3.2775098 4.8306692 3.3925098 4.8306692 0 P 0
L 3.2775098 4.9606692 3.3925098 4.9606692 0 P 0
L 3.2775594 2.6692914 3.2775594 2.7362206 0 P 0
L 3.2805118 3.4276178 3.2805118 3.4492713 0 P 0
L 3.2805118 3.4276178 3.3218504 3.4276178 0 P 0
L 3.2805118 3.4492713 3.3218504 3.4492713 0 P 0
L 3.2814965 2.3828741 3.2814965 2.4183071 0 P 0
L 3.287402 2.4665354 3.287402 2.5413386 0 P 0
L 3.2919489 3.2829229 3.2919489 3.4049701 0 P 0
L 3.3218504 3.4276178 3.3218504 3.4492713 0 P 0
L 3.3267717 3.4719191 3.3267717 3.5073521 0 P 0
L 3.330315 3.6122048 3.330315 3.8129922 0 P 0
L 3.330315 3.6122048 3.8283464 3.6122048 0 P 0
L 3.330315 3.8129922 3.8283464 3.8129922 0 P 0
L 3.3307091 2.4913584 3.3307091 2.5582876 0 P 0
L 3.3307091 2.4913584 3.3661421 2.4913584 0 P 0
L 3.3307091 2.5582876 3.3661421 2.5582876 0 P 0
L 3.3336616 1.6734251 3.3336616 1.7423228 0 P 0
L 3.3336616 1.6734251 3.3336618 1.6734249 0 P 0
L 3.3336616 1.7423228 3.3336616 1.8112205 0 P 0
L 3.3336616 1.8112205 3.4025593 1.8112205 0 P 0
L 3.3336618 1.6507874 3.3336618 1.6734249 0 P 0
L 3.3336618 1.6507874 3.4025595 1.6507874 0 P 0
L 3.3336618 1.8545275 3.3336618 1.9234252 0 P 0
L 3.3336618 1.8545275 3.4025595 1.8545275 0 P 0
L 3.3336618 1.9234252 3.3336618 1.9923229 0 P 0
L 3.3336618 1.9923229 3.4025595 1.9923229 0 P 0
L 3.341122 4.6643601 3.341122 4.7312893 0 P 0
L 3.341122 4.6643601 3.376555 4.6643601 0 P 0
L 3.341122 4.7312893 3.376555 4.7312893 0 P 0
L 3.357874 3.6397638 3.357874 3.6397639 0 P 0
L 3.357874 3.6397639 3.357874 3.7854331 0 P 0
L 3.357874 3.6397639 3.5330709 3.6397639 0 P 0
L 3.357874 3.7854331 3.357874 3.7854332 0 P 0
L 3.357874 3.7854331 3.8007874 3.7854331 0 P 0
L 3.3661421 2.4913584 3.3661421 2.5582876 0 P 0
L 3.3697148 3.3332677 3.3697148 3.3746063 0 P 0
L 3.3697148 3.3332677 3.3913683 3.3332677 0 P 0
L 3.3697148 3.3746063 3.3913683 3.3746063 0 P 0
L 3.376555 4.6643601 3.376555 4.7312893 0 P 0
L 3.3854628 3.2584546 3.3854628 3.2938876 0 P 0
L 3.3854628 3.2584546 3.452392 3.2584546 0 P 0
L 3.3854628 3.2938876 3.452392 3.2938876 0 P 0
L 3.3913683 3.3332677 3.3913683 3.3746063 0 P 0
L 3.3925098 4.8306692 3.3925098 4.9606692 0 P 0
L 3.3968509 2.0297244 3.3968509 2.1492126 0 P 0
L 3.3968509 2.1492126 3.6838587 2.1492126 0 P 0
L 3.3992028 4.6870077 3.3992028 4.7283463 0 P 0
L 3.3992028 4.6870077 3.4208563 4.6870077 0 P 0
L 3.3992028 4.7283463 3.4208563 4.7283463 0 P 0
L 3.4025593 1.6734251 3.4025595 1.6734249 0 P 0
L 3.4025593 1.6734251 3.471457 1.6734251 0 P 0
L 3.4025593 1.8112205 3.471457 1.8112205 0 P 0
L 3.4025595 1.6507874 3.4025595 1.6734249 0 P 0
L 3.4025595 1.8545275 3.4714572 1.8545275 0 P 0
L 3.4025595 1.9923229 3.4714572 1.9923229 0 P 0
L 3.4045276 3.8793816 3.4045276 3.9010351 0 P 0
L 3.4045276 3.8793816 3.4458662 3.8793816 0 P 0
L 3.4045276 3.9010351 3.4458662 3.9010351 0 P 0
L 3.4204724 4.830679 3.4204724 4.960679 0 P 0
L 3.4204724 4.830679 3.5354724 4.830679 0 P 0
L 3.4204724 4.960679 3.5354724 4.960679 0 P 0
L 3.4208563 4.6870077 3.4208563 4.7283463 0 P 0
L 3.4320871 1.9923228 3.4320871 2.1139764 0 P 0
L 3.4320871 2.1139764 3.6486225 2.1139764 0 P 0
L 3.4458662 3.8793816 3.4458662 3.9010351 0 P 0
L 3.445896 3.9566929 3.445896 4.0236221 0 P 0
L 3.445896 3.9566929 3.481329 3.9566929 0 P 0
L 3.445896 4.0236221 3.481329 4.0236221 0 P 0
L 3.452392 3.2584546 3.452392 3.2938876 0 P 0
L 3.4692913 4.7165353 3.4692913 4.7992124 0 P 0
L 3.4692913 4.7165353 3.5519685 4.7165353 0 P 0
L 3.4692913 4.7992124 3.5519685 4.7992124 0 P 0
L 3.4714567 3.6797245 3.4714567 3.6954725 0 P 0
L 3.4714567 3.6797245 3.4872047 3.6797245 0 P 0
L 3.4714567 3.6954725 3.4872047 3.6954725 0 P 0
L 3.4714567 3.7297245 3.4714567 3.7454725 0 P 0
L 3.4714567 3.7297245 3.4872047 3.7297245 0 P 0
L 3.4714567 3.7454725 3.4872047 3.7454725 0 P 0
L 3.471457 1.6734251 3.471457 1.7423228 0 P 0
L 3.471457 1.6734251 3.5403547 1.6734251 0 P 0
L 3.471457 1.7423228 3.471457 1.8112205 0 P 0
L 3.471457 1.8112205 3.5403547 1.8112205 0 P 0
L 3.4714572 1.8545275 3.4714572 1.9234252 0 P 0
L 3.4714572 1.8545275 3.5403549 1.8545275 0 P 0
L 3.4714572 1.9234252 3.4714572 1.9923229 0 P 0
L 3.4714572 1.9923229 3.5403549 1.9923229 0 P 0
L 3.4720472 3.8129922 3.4720472 3.8208662 0 P 0
L 3.4720472 3.8208662 3.4877952 3.8208662 0 P 0
L 3.4720473 3.6043308 3.4720473 3.6122048 0 P 0
L 3.4720473 3.6043308 3.4877953 3.6043308 0 P 0
L 3.481329 3.9566929 3.481329 4.0236221 0 P 0
L 3.4872047 3.6797245 3.4872047 3.6954725 0 P 0
L 3.4872047 3.7297245 3.4872047 3.7454725 0 P 0
L 3.4877952 3.8129922 3.4877952 3.8208662 0 P 0
L 3.4877953 3.6043308 3.4877953 3.6122048 0 P 0
L 3.4891732 1.5009842 3.4891732 1.5364172 0 P 0
L 3.4891732 1.5009842 3.5561024 1.5009842 0 P 0
L 3.4891732 1.5364172 3.5561024 1.5364172 0 P 0
L 3.4960635 2.1035432 3.4960635 2.1139764 0 P 0
L 3.4960635 2.1035432 3.5009847 2.098622 0 P 0
L 3.5009847 2.098622 3.5797248 2.098622 0 P 0
L 3.5206693 3.4084847 3.5206693 3.4439177 0 P 0
L 3.5206693 3.4084847 3.5875985 3.4084847 0 P 0
L 3.5206693 3.4439177 3.5875985 3.4439177 0 P 0
L 3.5212598 3.8129922 3.5212598 3.8208662 0 P 0
L 3.5212598 3.8208662 3.5370078 3.8208662 0 P 0
L 3.5212599 3.6043308 3.5212599 3.6122048 0 P 0
L 3.5212599 3.6043308 3.5370079 3.6043308 0 P 0
L 3.5214567 3.6797245 3.5214567 3.6954725 0 P 0
L 3.5214567 3.6797245 3.5372047 3.6797245 0 P 0
L 3.5214567 3.6954725 3.5372047 3.6954725 0 P 0
L 3.5214567 3.7297245 3.5214567 3.7454725 0 P 0
L 3.5214567 3.7297245 3.5372047 3.7297245 0 P 0
L 3.5214567 3.7454725 3.5372047 3.7454725 0 P 0
L 3.5314962 1.4047044 3.5314962 1.4716336 0 P 0
L 3.5314962 1.4047044 3.5669292 1.4047044 0 P 0
L 3.5314962 1.4716336 3.5669292 1.4716336 0 P 0
L 3.5330709 3.6122048 3.5330709 3.6397639 0 P 0
L 3.5354331 4.915364 3.5639764 4.915364 0 P 0
L 3.5354724 4.830679 3.5354724 4.960679 0 P 0
L 3.5354724 4.875994 3.5639764 4.875994 0 P 0
L 3.5370078 3.8129922 3.5370078 3.8208662 0 P 0
L 3.5370079 3.6043308 3.5370079 3.6122048 0 P 0
L 3.5372047 3.6797245 3.5372047 3.6954725 0 P 0
L 3.5372047 3.7297245 3.5372047 3.7454725 0 P 0
L 3.5403547 1.6734251 3.6092524 1.6734251 0 P 0
L 3.5403547 1.8112205 3.6092524 1.8112205 0 P 0
L 3.5403549 1.8545275 3.6092526 1.8545275 0 P 0
L 3.5403549 1.9923229 3.6092526 1.9923229 0 P 0
L 3.5519685 4.7165353 3.5519685 4.7992124 0 P 0
L 3.5561024 1.5009842 3.5561024 1.5364172 0 P 0
L 3.5639764 4.875994 3.5639764 4.915364 0 P 0
L 3.5669292 1.4047044 3.5669292 1.4716336 0 P 0
L 3.5714567 3.6043308 3.5714567 3.6122048 0 P 0
L 3.5714567 3.6043308 3.5872047 3.6043308 0 P 0
L 3.5714567 3.6797245 3.5714567 3.6954725 0 P 0
L 3.5714567 3.6797245 3.5872047 3.6797245 0 P 0
L 3.5714567 3.6954725 3.5872047 3.6954725 0 P 0
L 3.5714567 3.7297245 3.5714567 3.7454725 0 P 0
L 3.5714567 3.7297245 3.5872047 3.7297245 0 P 0
L 3.5714567 3.7454725 3.5872047 3.7454725 0 P 0
L 3.5714567 3.8129922 3.5714567 3.8208662 0 P 0
L 3.5714567 3.8208662 3.5872047 3.8208662 0 P 0
L 3.5718504 3.9251768 3.5718504 4.4763579 0 P 0
L 3.5718504 3.9251768 4.1230315 3.9251768 0 P 0
L 3.5718504 4.4763579 4.1230315 4.4763579 0 P 0
L 3.5757875 2.4163286 3.5757875 2.4911318 0 P 0
L 3.5757875 2.4163286 3.6978347 2.4163286 0 P 0
L 3.5757875 2.4911318 3.6978347 2.4911318 0 P 0
L 3.5797248 2.098622 3.5846461 2.1035433 0 P 0
L 3.581349 2.294685 3.581349 2.3635826 0 P 0
L 3.581349 2.294685 3.6207191 2.294685 0 P 0
L 3.581349 2.3635826 3.6207191 2.3635826 0 P 0
L 3.5846461 2.1035433 3.5846461 2.1139764 0 P 0
L 3.5862704 2.1793406 3.5862704 2.2541438 0 P 0
L 3.5862704 2.1793406 3.7004436 2.1793406 0 P 0
L 3.5862704 2.2541438 3.7004436 2.2541438 0 P 0
L 3.5872047 3.6043308 3.5872047 3.6122048 0 P 0
L 3.5872047 3.6797245 3.5872047 3.6954725 0 P 0
L 3.5872047 3.7297245 3.5872047 3.7454725 0 P 0
L 3.5872047 3.8129922 3.5872047 3.8208662 0 P 0
L 3.5875985 3.4084847 3.5875985 3.4439177 0 P 0
L 3.5880018 1.1320966 3.5880018 1.328947 0 P 0
L 3.5880018 1.1320966 3.7454821 1.1320966 0 P 0
L 3.5880018 1.328947 3.7454821 1.328947 0 P 0
L 3.5925197 4.58563 3.5925197 4.6072835 0 P 0
L 3.5925197 4.58563 3.6338583 4.58563 0 P 0
L 3.5925197 4.6072835 3.6338583 4.6072835 0 P 0
L 3.6004035 4.7598425 3.6004035 4.8011811 0 P 0
L 3.6004035 4.7598425 3.622057 4.7598425 0 P 0
L 3.6004035 4.8011811 3.622057 4.8011811 0 P 0
L 3.6063094 1.4055118 3.6063094 1.472441 0 P 0
L 3.6063094 1.4055118 3.6417424 1.4055118 0 P 0
L 3.6063094 1.472441 3.6417424 1.472441 0 P 0
L 3.6092524 1.6734251 3.6092524 1.7423228 0 P 0
L 3.6092524 1.6734251 3.6781501 1.6734251 0 P 0
L 3.6092524 1.7423228 3.6092524 1.8112205 0 P 0
L 3.6092524 1.8112205 3.6781501 1.8112205 0 P 0
L 3.6092526 1.8545275 3.6092526 1.9234252 0 P 0
L 3.6092526 1.8545275 3.6781503 1.8545275 0 P 0
L 3.6092526 1.9234252 3.6092526 1.9923229 0 P 0
L 3.6092526 1.9923229 3.6781503 1.9923229 0 P 0
L 3.6207191 2.294685 3.6207191 2.3635826 0 P 0
L 3.6214567 3.6797245 3.6214567 3.6954725 0 P 0
L 3.6214567 3.6797245 3.6372047 3.6797245 0 P 0
L 3.6214567 3.6954725 3.6372047 3.6954725 0 P 0
L 3.6214567 3.7297245 3.6214567 3.7454725 0 P 0
L 3.6214567 3.7297245 3.6372047 3.7297245 0 P 0
L 3.6214567 3.7454725 3.6372047 3.7454725 0 P 0
L 3.6216535 3.8129922 3.6216535 3.8208662 0 P 0
L 3.6216535 3.8208662 3.6374015 3.8208662 0 P 0
L 3.6216536 3.6043308 3.6216536 3.6122048 0 P 0
L 3.6216536 3.6043308 3.6374016 3.6043308 0 P 0
L 3.622057 4.7598425 3.622057 4.8011811 0 P 0
L 3.62302 2.6712599 3.62302 2.7342521 0 P 0
L 3.62302 2.6712599 3.654516 2.6712599 0 P 0
L 3.62302 2.7342521 3.654516 2.7342521 0 P 0
L 3.6255905 3.6122048 3.6255905 3.6397639 0 P 0
L 3.6255905 3.6397639 3.8007873 3.6397639 0 P 0
L 3.6328743 2.534449 3.6328743 2.569882 0 P 0
L 3.6328743 2.534449 3.6998035 2.534449 0 P 0
L 3.6328743 2.569882 3.6998035 2.569882 0 P 0
L 3.6338583 4.58563 3.6338583 4.6072835 0 P 0
L 3.6372047 3.6797245 3.6372047 3.6954725 0 P 0
L 3.6372047 3.7297245 3.6372047 3.7454725 0 P 0
L 3.6374015 3.8129922 3.6374015 3.8208662 0 P 0
L 3.6374016 3.6043308 3.6374016 3.6122048 0 P 0
L 3.6417424 1.4055118 3.6417424 1.472441 0 P 0
L 3.6466732 4.6929134 3.6466732 4.8267717 0 P 0
L 3.6466732 4.6929134 3.7175394 4.6929134 0 P 0
L 3.6466732 4.8267717 3.7175394 4.8267717 0 P 0
L 3.6486225 1.9923228 3.6486225 2.1139764 0 P 0
L 3.654516 2.6712599 3.654516 2.7342521 0 P 0
L 3.6551778 2.2942912 3.6551778 2.3612204 0 P 0
L 3.6551778 2.2942912 3.6906108 2.2942912 0 P 0
L 3.6551778 2.3612204 3.6906108 2.3612204 0 P 0
L 3.6714567 3.6797245 3.6714567 3.6954725 0 P 0
L 3.6714567 3.6797245 3.6872047 3.6797245 0 P 0
L 3.6714567 3.6954725 3.6872047 3.6954725 0 P 0
L 3.6714567 3.7297245 3.6714567 3.7454725 0 P 0
L 3.6714567 3.7297245 3.6872047 3.7297245 0 P 0
L 3.6714567 3.7454725 3.6872047 3.7454725 0 P 0
L 3.6718504 3.6043308 3.6718504 3.6122048 0 P 0
L 3.6718504 3.6043308 3.6875984 3.6043308 0 P 0
L 3.6718504 3.8129922 3.6718504 3.8208662 0 P 0
L 3.6718504 3.8208662 3.6875984 3.8208662 0 P 0
L 3.6781501 1.6734251 3.7470478 1.6734251 0 P 0
L 3.6781501 1.8112205 3.7470478 1.8112205 0 P 0
L 3.6781503 1.8545275 3.747048 1.8545275 0 P 0
L 3.6781503 1.9923229 3.747048 1.9923229 0 P 0
L 3.6811226 1.4045275 3.6811226 1.4714567 0 P 0
L 3.6811226 1.4045275 3.7165556 1.4045275 0 P 0
L 3.6811226 1.4714567 3.7165556 1.4714567 0 P 0
L 3.6838587 2.0297244 3.6838587 2.1492126 0 P 0
L 3.6838587 2.0297244 3.8179139 2.0297244 0 P 0
L 3.6872047 3.6797245 3.6872047 3.6954725 0 P 0
L 3.6872047 3.7297245 3.6872047 3.7454725 0 P 0
L 3.6875984 3.6043308 3.6875984 3.6122048 0 P 0
L 3.6875984 3.8129922 3.6875984 3.8208662 0 P 0
L 3.6906108 2.2942912 3.6906108 2.3612204 0 P 0
L 3.6938981 2.6692914 3.6938981 2.7362206 0 P 0
L 3.6938981 2.6692914 3.7293311 2.6692914 0 P 0
L 3.6938981 2.7362206 3.7293311 2.7362206 0 P 0
L 3.6978347 2.4163286 3.6978347 2.4911318 0 P 0
L 3.6998035 2.534449 3.6998035 2.569882 0 P 0
L 3.7004436 2.1793406 3.7004436 2.2541438 0 P 0
L 3.7087405 4.6073621 3.7087405 4.6427951 0 P 0
L 3.7087405 4.6073621 3.7756697 4.6073621 0 P 0
L 3.7087405 4.6427951 3.7756697 4.6427951 0 P 0
L 3.7165556 1.4045275 3.7165556 1.4714567 0 P 0
L 3.7175394 4.6929134 3.7175394 4.8267717 0 P 0
L 3.7293311 2.6692914 3.7293311 2.7362206 0 P 0
L 3.7454821 1.1320966 3.7454821 1.328947 0 P 0
L 3.7470478 1.6734251 3.7470478 1.7423228 0 P 0
L 3.7470478 1.7423228 3.7470478 1.8112205 0 P 0
L 3.747048 1.8545275 3.747048 1.9234252 0 P 0
L 3.747048 1.9234252 3.747048 1.9923229 0 P 0
L 3.7559358 1.4035433 3.7559358 1.4704725 0 P 0
L 3.7559358 1.4035433 3.7913688 1.4035433 0 P 0
L 3.7559358 1.4704725 3.7913688 1.4704725 0 P 0
L 3.7726187 1.5188878 3.7726187 1.5543208 0 P 0
L 3.7726187 1.5188878 3.8395479 1.5188878 0 P 0
L 3.7726187 1.5543208 3.8395479 1.5543208 0 P 0
L 3.7756697 4.6073621 3.7756697 4.6427951 0 P 0
L 3.7899583 4.897833 3.7899583 4.997833 0 P 0
L 3.7899583 4.897833 4.2096447 4.897833 0 P 0
L 3.7899583 4.997833 4.2096447 4.997833 0 P 0
L 3.7913688 1.4035433 3.7913688 1.4704725 0 P 0
L 3.8007873 3.6397639 3.8007874 3.6397638 0 P 0
L 3.8007874 3.6397638 3.8007874 3.6397639 0 P 0
L 3.8007874 3.6397639 3.8007874 3.7854331 0 P 0
L 3.8007874 3.7854331 3.8007874 3.7854332 0 P 0
L 3.8179139 1.6360236 3.8179139 2.0297244 0 P 0
L 3.8283464 3.6122048 3.8283464 3.8129922 0 P 0
L 3.8395479 1.5188878 3.8395479 1.5543208 0 P 0
L 3.8527755 1.2047343 3.8527755 1.2716635 0 P 0
L 3.8527755 1.2047343 3.8882085 1.2047343 0 P 0
L 3.8527755 1.2716635 3.8882085 1.2716635 0 P 0
L 3.8527755 1.3267915 3.8527755 1.3937207 0 P 0
L 3.8527755 1.3267915 3.8882085 1.3267915 0 P 0
L 3.8527755 1.3937207 3.8882085 1.3937207 0 P 0
L 3.8527757 1.0826771 3.8527757 1.1496063 0 P 0
L 3.8527757 1.0826771 3.8882087 1.0826771 0 P 0
L 3.8527757 1.1496063 3.8882087 1.1496063 0 P 0
L 3.8882085 1.2047343 3.8882085 1.2716635 0 P 0
L 3.8882085 1.3267915 3.8882085 1.3937207 0 P 0
L 3.8882087 1.0826771 3.8882087 1.1496063 0 P 0
L 3.8927267 1.4586614 3.8927267 1.5 0 P 0
L 3.8927267 1.4586614 3.9143802 1.4586614 0 P 0
L 3.8927267 1.5 3.9143802 1.5 0 P 0
L 3.8956693 1.5433069 3.8956693 1.5787399 0 P 0
L 3.8956693 1.5433069 3.9625985 1.5433069 0 P 0
L 3.8956693 1.5787399 3.9625985 1.5787399 0 P 0
L 3.8956725 3.5816962 3.8956725 3.6289402 0 P 0
L 3.8956725 3.5816962 3.909452 3.5816962 0 P 0
L 3.8956725 3.6289402 3.909452 3.6289402 0 P 0
L 3.9055027 1.7450787 3.9055027 1.8592519 0 P 0
L 3.9055027 1.7450787 3.9803059 1.7450787 0 P 0
L 3.9055027 1.8592519 3.9803059 1.8592519 0 P 0
L 3.909452 3.506893 3.909452 3.7037434 0 P 0
L 3.909452 3.506893 4.0866174 3.506893 0 P 0
L 3.909452 3.7037434 4.0866174 3.7037434 0 P 0
L 3.9143802 1.4586614 3.9143802 1.5 0 P 0
L 3.9320874 2.4665354 3.9320874 2.5413386 0 P 0
L 3.9320874 2.4665354 4.0541346 2.4665354 0 P 0
L 3.9320874 2.5413386 4.0541346 2.5413386 0 P 0
L 3.9360236 1.253937 3.9360236 1.3169291 0 P 0
L 3.9360236 1.253937 4.0521653 1.253937 0 P 0
L 3.9360236 1.3169291 4.0521653 1.3169291 0 P 0
L 3.9370077 3.2942714 3.9370077 3.4163186 0 P 0
L 3.9370077 3.2942714 4.0039368 3.2942714 0 P 0
L 3.9370077 3.4163186 4.0039368 3.4163186 0 P 0
L 3.9378727 2.6712599 3.9378727 2.7342521 0 P 0
L 3.9378727 2.6712599 3.9693687 2.6712599 0 P 0
L 3.9378727 2.7342521 3.9693687 2.7342521 0 P 0
L 3.9409448 1.0915354 3.9409448 1.1269684 0 P 0
L 3.9409448 1.0915354 4.007874 1.0915354 0 P 0
L 3.9409448 1.1269684 4.007874 1.1269684 0 P 0
L 3.9439008 3.5964599 4.0521686 3.5964599 0 P 0
L 3.9439008 3.6141765 4.0521686 3.6141765 0 P 0
L 3.9517716 1.1584746 3.9517716 1.1801281 0 P 0
L 3.9517716 1.1584746 3.9931102 1.1584746 0 P 0
L 3.9517716 1.1801281 3.9931102 1.1801281 0 P 0
L 3.9586622 2.5846558 3.9586622 2.6200888 0 P 0
L 3.9586622 2.5846558 4.0255914 2.5846558 0 P 0
L 3.9586622 2.6200888 4.0255914 2.6200888 0 P 0
L 3.9625985 1.5433069 3.9625985 1.5787399 0 P 0
L 3.9693687 2.6712599 3.9693687 2.7342521 0 P 0
L 3.9754136 1.4005805 3.9754136 1.5206592 0 P 0
L 3.9754136 1.4005805 4.0443113 1.4005805 0 P 0
L 3.9754136 1.5206592 4.0443113 1.5206592 0 P 0
L 3.9803059 1.7450787 3.9803059 1.8592519 0 P 0
L 3.9812999 2.3828741 3.9812999 2.4183071 0 P 0
L 3.9812999 2.3828741 4.0482291 2.3828741 0 P 0
L 3.9812999 2.4183071 4.0482291 2.4183071 0 P 0
L 3.9931102 1.1584746 3.9931102 1.1801281 0 P 0
L 4.0039368 3.2942714 4.0039368 3.4163186 0 P 0
L 4.007874 1.0915354 4.007874 1.1269684 0 P 0
L 4.008859 2.6692914 4.008859 2.7362206 0 P 0
L 4.008859 2.6692914 4.044292 2.6692914 0 P 0
L 4.008859 2.7362206 4.044292 2.7362206 0 P 0
L 4.0255914 2.5846558 4.0255914 2.6200888 0 P 0
L 4.0295283 1.6360236 4.0295283 2.0297244 0 P 0
L 4.0295283 1.6360236 4.5846465 1.6360236 0 P 0
L 4.0295283 2.0297244 4.1635835 2.0297244 0 P 0
L 4.0319292 4.5580608 4.0319292 4.5797143 0 P 0
L 4.0319292 4.5580608 4.0732678 4.5580608 0 P 0
L 4.0319292 4.5797143 4.0732678 4.5797143 0 P 0
L 4.038307 3.4389664 4.038307 3.4606199 0 P 0
L 4.038307 3.4389664 4.0796456 3.4389664 0 P 0
L 4.038307 3.4606199 4.0796456 3.4606199 0 P 0
L 4.044292 2.6692914 4.044292 2.7362206 0 P 0
L 4.0443113 1.4005805 4.0443113 1.5206592 0 P 0
L 4.0482291 2.3828741 4.0482291 2.4183071 0 P 0
L 4.0521653 1.253937 4.0521653 1.3169291 0 P 0
L 4.0541346 2.4665354 4.0541346 2.5413386 0 P 0
L 4.0673621 3.8218205 4.0673621 3.843474 0 P 0
L 4.0673621 3.8218205 4.1087007 3.8218205 0 P 0
L 4.0673621 3.843474 4.1087007 3.843474 0 P 0
L 4.0732678 4.5580608 4.0732678 4.5797143 0 P 0
L 4.0767816 3.3188777 4.0767816 3.3858069 0 P 0
L 4.0767816 3.3188777 4.1122146 3.3188777 0 P 0
L 4.0767816 3.3858069 4.1122146 3.3858069 0 P 0
L 4.0796456 3.4389664 4.0796456 3.4606199 0 P 0
L 4.0866174 3.506893 4.0866174 3.7037434 0 P 0
L 4.0866174 3.5354364 4.1003969 3.5354364 0 P 0
L 4.0866174 3.5826804 4.1003969 3.5826804 0 P 0
L 4.0866174 3.6279561 4.1003969 3.6279561 0 P 0
L 4.0866174 3.6752001 4.1003969 3.6752001 0 P 0
L 4.0974417 2.4913584 4.0974417 2.5582876 0 P 0
L 4.0974417 2.4913584 4.1328747 2.4913584 0 P 0
L 4.0974417 2.5582876 4.1328747 2.5582876 0 P 0
L 4.1003942 1.6734251 4.1003942 1.7423228 0 P 0
L 4.1003942 1.6734251 4.1003944 1.6734249 0 P 0
L 4.1003942 1.7423228 4.1003942 1.8112205 0 P 0
L 4.1003942 1.8112205 4.1692919 1.8112205 0 P 0
L 4.1003944 1.6507874 4.1003944 1.6734249 0 P 0
L 4.1003944 1.6507874 4.1692921 1.6507874 0 P 0
L 4.1003944 1.8545275 4.1003944 1.9234252 0 P 0
L 4.1003944 1.8545275 4.1692921 1.8545275 0 P 0
L 4.1003944 1.9234252 4.1003944 1.9923229 0 P 0
L 4.1003944 1.9923229 4.1692921 1.9923229 0 P 0
L 4.1003969 3.5354364 4.1003969 3.5826804 0 P 0
L 4.1003969 3.6279561 4.1003969 3.6752001 0 P 0
L 4.1087007 3.8218205 4.1087007 3.843474 0 P 0
L 4.1122146 3.3188777 4.1122146 3.3858069 0 P 0
L 4.1220373 1.1781496 4.1220373 1.2194882 0 P 0
L 4.1220373 1.1781496 4.1436908 1.1781496 0 P 0
L 4.1220373 1.2194882 4.1436908 1.2194882 0 P 0
L 4.1230315 3.9251768 4.1230315 4.4763579 0 P 0
L 4.1279426 4.5994095 4.1279426 4.6663387 0 P 0
L 4.1279426 4.5994095 4.1633756 4.5994095 0 P 0
L 4.1279426 4.6663387 4.1633756 4.6663387 0 P 0
L 4.1328747 2.4913584 4.1328747 2.5582876 0 P 0
L 4.1436908 1.1781496 4.1436908 1.2194882 0 P 0
L 4.1480807 3.7607968 4.1480807 3.827726 0 P 0
L 4.1480807 3.7607968 4.1835137 3.7607968 0 P 0
L 4.1480807 3.827726 4.1835137 3.827726 0 P 0
L 4.1633756 4.5994095 4.1633756 4.6663387 0 P 0
L 4.1635835 2.0297244 4.1635835 2.1492126 0 P 0
L 4.1635835 2.1492126 4.4505913 2.1492126 0 P 0
L 4.1692919 1.6734251 4.1692921 1.6734249 0 P 0
L 4.1692919 1.6734251 4.2381896 1.6734251 0 P 0
L 4.1692919 1.8112205 4.2381896 1.8112205 0 P 0
L 4.1692921 1.6507874 4.1692921 1.6734249 0 P 0
L 4.1692921 1.8545275 4.2381898 1.8545275 0 P 0
L 4.1692921 1.9923229 4.2381898 1.9923229 0 P 0
L 4.1835137 3.7607968 4.1835137 3.827726 0 P 0
L 4.1850392 4.5994094 4.1850392 4.6624016 0 P 0
L 4.1850392 4.5994094 4.2165352 4.5994094 0 P 0
L 4.1850392 4.6624016 4.2165352 4.6624016 0 P 0
L 4.1988197 1.9923228 4.1988197 2.1139764 0 P 0
L 4.1988197 2.1139764 4.4153551 2.1139764 0 P 0
L 4.2037402 4.1141732 4.2037402 4.1555118 0 P 0
L 4.2037402 4.1141732 4.2253937 4.1141732 0 P 0
L 4.2037402 4.1555118 4.2253937 4.1555118 0 P 0
L 4.2066929 3.303291 4.2066929 3.3249445 0 P 0
L 4.2066929 3.303291 4.2480315 3.303291 0 P 0
L 4.2066929 3.3249445 4.2480315 3.3249445 0 P 0
L 4.2096447 4.897833 4.2096447 4.997833 0 P 0
L 4.2165352 4.5994094 4.2165352 4.6624016 0 P 0
L 4.2223464 3.3475921 4.2223464 3.4302692 0 P 0
L 4.2223464 3.3475921 4.3168346 3.3475921 0 P 0
L 4.2223464 3.4302692 4.3168346 3.4302692 0 P 0
L 4.2224409 3.4558698 4.2224409 3.5385469 0 P 0
L 4.2224409 3.4558698 4.3169291 3.4558698 0 P 0
L 4.2224409 3.5385469 4.3169291 3.5385469 0 P 0
L 4.2253937 4.1141732 4.2253937 4.1555118 0 P 0
L 4.2263779 1.1525591 4.2263779 1.5423229 0 P 0
L 4.2263779 1.1525591 4.3799212 1.1525591 0 P 0
L 4.2263779 1.5423229 4.3799212 1.5423229 0 P 0
L 4.2381896 1.6734251 4.2381896 1.7423228 0 P 0
L 4.2381896 1.6734251 4.3070873 1.6734251 0 P 0
L 4.2381896 1.7423228 4.2381896 1.8112205 0 P 0
L 4.2381896 1.8112205 4.3070873 1.8112205 0 P 0
L 4.2381898 1.8545275 4.2381898 1.9234252 0 P 0
L 4.2381898 1.8545275 4.3070875 1.8545275 0 P 0
L 4.2381898 1.9234252 4.2381898 1.9923229 0 P 0
L 4.2381898 1.9923229 4.3070875 1.9923229 0 P 0
L 4.242126 3.7480314 4.242126 3.8149606 0 P 0
L 4.242126 3.7480314 4.277559 3.7480314 0 P 0
L 4.242126 3.8149606 4.277559 3.8149606 0 P 0
L 4.2441334 4.4001969 4.2441334 4.4415355 0 P 0
L 4.2441334 4.4001969 4.2657869 4.4001969 0 P 0
L 4.2441334 4.4415355 4.2657869 4.4415355 0 P 0
L 4.2480315 3.303291 4.2480315 3.3249445 0 P 0
L 4.2490755 4.0854331 4.2490755 4.1267717 0 P 0
L 4.2490755 4.0854331 4.270729 4.0854331 0 P 0
L 4.2490755 4.1267717 4.270729 4.1267717 0 P 0
L 4.2509842 4.2666925 4.2509842 4.288346 0 P 0
L 4.2509842 4.2666925 4.2923228 4.2666925 0 P 0
L 4.2509842 4.288346 4.2923228 4.288346 0 P 0
L 4.253937 4.3149307 4.253937 4.3543008 0 P 0
L 4.253937 4.3149307 4.3228346 4.3149307 0 P 0
L 4.253937 4.3543008 4.3228346 4.3543008 0 P 0
L 4.2627961 2.1035432 4.2627961 2.1139764 0 P 0
L 4.2627961 2.1035432 4.2677173 2.098622 0 P 0
L 4.2657869 4.4001969 4.2657869 4.4415355 0 P 0
L 4.2677173 2.098622 4.3464574 2.098622 0 P 0
L 4.270729 4.0854331 4.270729 4.1267717 0 P 0
L 4.277559 3.7480314 4.277559 3.8149606 0 P 0
L 4.2923228 4.2666925 4.2923228 4.288346 0 P 0
L 4.2952756 3.5611945 4.2952756 3.582848 0 P 0
L 4.2952756 3.5611945 4.3366142 3.5611945 0 P 0
L 4.2952756 3.582848 4.3366142 3.582848 0 P 0
L 4.2972931 4.3966335 4.2972931 4.4635627 0 P 0
L 4.2972931 4.3966335 4.3327261 4.3966335 0 P 0
L 4.2972931 4.4635627 4.3327261 4.4635627 0 P 0
L 4.3031496 3.7480314 4.3031496 3.8149606 0 P 0
L 4.3031496 3.7480314 4.3385826 3.7480314 0 P 0
L 4.3031496 3.8149606 4.3385826 3.8149606 0 P 0
L 4.3070873 1.6734251 4.375985 1.6734251 0 P 0
L 4.3070873 1.8112205 4.375985 1.8112205 0 P 0
L 4.3070875 1.8545275 4.3759852 1.8545275 0 P 0
L 4.3070875 1.9923229 4.3759852 1.9923229 0 P 0
L 4.3168346 3.3475921 4.3168346 3.4302692 0 P 0
L 4.3169291 3.4558698 4.3169291 3.5385469 0 P 0
L 4.3228346 4.3149307 4.3228346 4.3543008 0 P 0
L 4.3327261 4.3966335 4.3327261 4.4635627 0 P 0
L 4.3366142 3.5611945 4.3366142 3.582848 0 P 0
L 4.3385826 3.7480314 4.3385826 3.8149606 0 P 0
L 4.3425198 2.4163286 4.3425198 2.4911318 0 P 0
L 4.3425198 2.4163286 4.464567 2.4163286 0 P 0
L 4.3425198 2.4911318 4.464567 2.4911318 0 P 0
L 4.3464574 2.098622 4.3513787 2.1035433 0 P 0
L 4.3480816 2.294685 4.3480816 2.3635826 0 P 0
L 4.3480816 2.294685 4.3874517 2.294685 0 P 0
L 4.3480816 2.3635826 4.3874517 2.3635826 0 P 0
L 4.3513787 2.1035433 4.3513787 2.1139764 0 P 0
L 4.353003 2.1793406 4.353003 2.2541438 0 P 0
L 4.353003 2.1793406 4.4671762 2.1793406 0 P 0
L 4.353003 2.2541438 4.4671762 2.2541438 0 P 0
L 4.3543209 4.5698818 4.3543209 4.636811 0 P 0
L 4.3543209 4.5698818 4.3897539 4.5698818 0 P 0
L 4.3543209 4.636811 4.3897539 4.636811 0 P 0
L 4.3641732 3.7480314 4.3641732 3.8149606 0 P 0
L 4.3641732 3.7480314 4.3996062 3.7480314 0 P 0
L 4.3641732 3.8149606 4.3996062 3.8149606 0 P 0
L 4.375985 1.6734251 4.375985 1.7423228 0 P 0
L 4.375985 1.6734251 4.4448827 1.6734251 0 P 0
L 4.375985 1.7423228 4.375985 1.8112205 0 P 0
L 4.375985 1.8112205 4.4448827 1.8112205 0 P 0
L 4.3759852 1.8545275 4.3759852 1.9234252 0 P 0
L 4.3759852 1.8545275 4.4448829 1.8545275 0 P 0
L 4.3759852 1.9234252 4.3759852 1.9923229 0 P 0
L 4.3759852 1.9923229 4.4448829 1.9923229 0 P 0
L 4.3799212 1.1525591 4.3799212 1.5423229 0 P 0
L 4.3858268 4.3651575 4.3858268 4.4340551 0 P 0
L 4.3858268 4.3651575 4.4251969 4.3651575 0 P 0
L 4.3858268 4.4340551 4.4251969 4.4340551 0 P 0
L 4.3874517 2.294685 4.3874517 2.3635826 0 P 0
L 4.3895805 4.6663484 4.3895805 4.7450886 0 P 0
L 4.3895805 4.6663484 4.4683207 4.6663484 0 P 0
L 4.3895805 4.7450886 4.4683207 4.7450886 0 P 0
L 4.3897526 2.6712599 4.3897526 2.7342521 0 P 0
L 4.3897526 2.6712599 4.4212486 2.6712599 0 P 0
L 4.3897526 2.7342521 4.4212486 2.7342521 0 P 0
L 4.3897539 4.5698818 4.3897539 4.636811 0 P 0
L 4.3996062 3.7480314 4.3996062 3.8149606 0 P 0
L 4.3996069 2.534449 4.3996069 2.569882 0 P 0
L 4.3996069 2.534449 4.4665361 2.534449 0 P 0
L 4.3996069 2.569882 4.4665361 2.569882 0 P 0
L 4.4069395 4.1269492 4.4069395 4.1682878 0 P 0
L 4.4069395 4.1269492 4.428593 4.1269492 0 P 0
L 4.4069395 4.1682878 4.428593 4.1682878 0 P 0
L 4.4069395 4.2076676 4.4069395 4.2490062 0 P 0
L 4.4069395 4.2076676 4.428593 4.2076676 0 P 0
L 4.4069395 4.2490062 4.428593 4.2490062 0 P 0
L 4.4114174 4.5698818 4.4114174 4.636811 0 P 0
L 4.4114174 4.5698818 4.4468504 4.5698818 0 P 0
L 4.4114174 4.636811 4.4468504 4.636811 0 P 0
L 4.4153551 1.9923228 4.4153551 2.1139764 0 P 0
L 4.4212486 2.6712599 4.4212486 2.7342521 0 P 0
L 4.4219104 2.2942912 4.4219104 2.3612204 0 P 0
L 4.4219104 2.2942912 4.4573434 2.2942912 0 P 0
L 4.4219104 2.3612204 4.4573434 2.3612204 0 P 0
L 4.4251968 3.7480314 4.4251968 3.8149606 0 P 0
L 4.4251968 3.7480314 4.4606298 3.7480314 0 P 0
L 4.4251968 3.8149606 4.4606298 3.8149606 0 P 0
L 4.4251969 4.3651575 4.4251969 4.4340551 0 P 0
L 4.428593 4.1269492 4.428593 4.1682878 0 P 0
L 4.428593 4.2076676 4.428593 4.2490062 0 P 0
L 4.4448827 1.6734251 4.5137804 1.6734251 0 P 0
L 4.4448827 1.8112205 4.5137804 1.8112205 0 P 0
L 4.4448829 1.8545275 4.5137806 1.8545275 0 P 0
L 4.4448829 1.9923229 4.5137806 1.9923229 0 P 0
L 4.4468504 4.5698818 4.4468504 4.636811 0 P 0
L 4.4505913 2.0297244 4.4505913 2.1492126 0 P 0
L 4.4505913 2.0297244 4.5846465 2.0297244 0 P 0
L 4.4573434 2.2942912 4.4573434 2.3612204 0 P 0
L 4.4606298 3.7480314 4.4606298 3.8149606 0 P 0
L 4.4606307 2.6692914 4.4606307 2.7362206 0 P 0
L 4.4606307 2.6692914 4.4960637 2.6692914 0 P 0
L 4.4606307 2.7362206 4.4960637 2.7362206 0 P 0
L 4.4626083 1.1771653 4.4626083 1.2185039 0 P 0
L 4.4626083 1.1771653 4.4842618 1.1771653 0 P 0
L 4.4626083 1.2185039 4.4842618 1.2185039 0 P 0
L 4.464567 2.4163286 4.464567 2.4911318 0 P 0
L 4.4665361 2.534449 4.4665361 2.569882 0 P 0
L 4.4671762 2.1793406 4.4671762 2.2541438 0 P 0
L 4.4683207 4.6663484 4.4683207 4.7450886 0 P 0
L 4.4724409 3.2972442 4.4724409 3.6437008 0 P 0
L 4.4724409 3.2972442 4.6299212 3.2972442 0 P 0
L 4.4724409 3.6437008 4.6299212 3.6437008 0 P 0
L 4.4744195 4.5698819 4.4744195 4.6368111 0 P 0
L 4.4744195 4.5698819 4.5098525 4.5698819 0 P 0
L 4.4744195 4.6368111 4.5098525 4.6368111 0 P 0
L 4.4753938 4.0522687 4.4753938 4.3151158 0 P 0
L 4.4842618 1.1771653 4.4842618 1.2185039 0 P 0
L 4.4940946 4.0590551 4.4940946 4.3096484 0 P 0
L 4.4960637 2.6692914 4.4960637 2.7362206 0 P 0
L 4.5098525 4.5698819 4.5098525 4.6368111 0 P 0
L 4.5137804 1.6734251 4.5137804 1.7423228 0 P 0
L 4.5137804 1.7423228 4.5137804 1.8112205 0 P 0
L 4.5137806 1.8545275 4.5137806 1.9234252 0 P 0
L 4.5137806 1.9234252 4.5137806 1.9923229 0 P 0
L 4.5393701 3.7982383 4.5393701 3.8336713 0 P 0
L 4.5393701 3.7982383 4.6062993 3.7982383 0 P 0
L 4.5393701 3.8336713 4.6062993 3.8336713 0 P 0
L 4.543307 3.7450788 4.543307 3.7765748 0 P 0
L 4.543307 3.7450788 4.6062992 3.7450788 0 P 0
L 4.543307 3.7765748 4.6062992 3.7765748 0 P 0
L 4.5846465 1.6360236 4.5846465 2.0297244 0 P 0
L 4.6062992 3.7450788 4.6062992 3.7765748 0 P 0
L 4.6062993 3.7982383 4.6062993 3.8336713 0 P 0
L 4.6210629 3.6775692 4.6210629 3.6992227 0 P 0
L 4.6210629 3.6775692 4.6624015 3.6775692 0 P 0
L 4.6210629 3.6992227 4.6624015 3.6992227 0 P 0
L 4.6299212 3.2972442 4.6299212 3.6437008 0 P 0
L 4.6397638 4.0590551 4.6397638 4.3084618 0 P 0
L 4.6403535 4.4527368 4.6403535 4.4881698 0 P 0
L 4.6403535 4.4527368 4.7072827 4.4527368 0 P 0
L 4.6403535 4.4881698 4.7072827 4.4881698 0 P 0
L 4.6584646 4.0520619 4.6584646 4.316774 0 P 0
L 4.6624015 3.6775692 4.6624015 3.6992227 0 P 0
L 4.6722353 1.7450787 4.6722353 1.8592519 0 P 0
L 4.6722353 1.7450787 4.7470385 1.7450787 0 P 0
L 4.6722353 1.8592519 4.7470385 1.8592519 0 P 0
L 4.6801282 4.3562702 4.6801282 4.4231994 0 P 0
L 4.6801282 4.3562702 4.7155612 4.3562702 0 P 0
L 4.6801282 4.4231994 4.7155612 4.4231994 0 P 0
L 4.698818 2.4665354 4.698818 2.5413386 0 P 0
L 4.698818 2.4665354 4.8208652 2.4665354 0 P 0
L 4.698818 2.5413386 4.8208652 2.5413386 0 P 0
L 4.7046053 2.6712599 4.7046053 2.7342521 0 P 0
L 4.7046053 2.6712599 4.7361013 2.6712599 0 P 0
L 4.7046053 2.7342521 4.7361013 2.7342521 0 P 0
L 4.7072827 4.4527368 4.7072827 4.4881698 0 P 0
L 4.7155612 4.3562702 4.7155612 4.4231994 0 P 0
L 4.7253948 2.5846558 4.7253948 2.6200888 0 P 0
L 4.7253948 2.5846558 4.792324 2.5846558 0 P 0
L 4.7253948 2.6200888 4.792324 2.6200888 0 P 0
L 4.7361013 2.6712599 4.7361013 2.7342521 0 P 0
L 4.7382089 4.3602362 4.7382089 4.4015748 0 P 0
L 4.7382089 4.3602362 4.7598624 4.3602362 0 P 0
L 4.7382089 4.4015748 4.7598624 4.4015748 0 P 0
L 4.7431823 4.9108369 4.7431823 4.9620177 0 P 0
L 4.7431823 4.9108369 4.8434191 4.9108369 0 P 0
L 4.7431823 4.9620177 4.8434191 4.9620177 0 P 0
L 4.7470385 1.7450787 4.7470385 1.8592519 0 P 0
L 4.7480325 2.3828741 4.7480325 2.4183071 0 P 0
L 4.7480325 2.3828741 4.8149617 2.3828741 0 P 0
L 4.7480325 2.4183071 4.8149617 2.4183071 0 P 0
L 4.7578841 4.1475989 4.7578841 4.3168903 0 P 0
L 4.7578841 4.1475989 4.9114274 4.1475989 0 P 0
L 4.7578841 4.3168903 4.9114274 4.3168903 0 P 0
L 4.7598624 4.3602362 4.7598624 4.4015748 0 P 0
L 4.7755896 2.6692914 4.7755896 2.7362206 0 P 0
L 4.7755896 2.6692914 4.8110226 2.6692914 0 P 0
L 4.7755896 2.7362206 4.8110226 2.7362206 0 P 0
L 4.792324 2.5846558 4.792324 2.6200888 0 P 0
L 4.7962609 1.6360236 4.7962609 2.0297244 0 P 0
L 4.7962609 1.6360236 5.3513791 1.6360236 0 P 0
L 4.7962609 2.0297244 4.9303161 2.0297244 0 P 0
L 4.8110226 2.6692914 4.8110226 2.7362206 0 P 0
L 4.8149617 2.3828741 4.8149617 2.4183071 0 P 0
L 4.8208652 2.4665354 4.8208652 2.5413386 0 P 0
L 4.8434191 4.9108369 4.8434191 4.9620177 0 P 0
L 4.8641743 2.4913584 4.8641743 2.5582876 0 P 0
L 4.8641743 2.4913584 4.8996073 2.4913584 0 P 0
L 4.8641743 2.5582876 4.8996073 2.5582876 0 P 0
L 4.8671268 1.6734251 4.8671268 1.7423228 0 P 0
L 4.8671268 1.6734251 4.867127 1.6734249 0 P 0
L 4.8671268 1.7423228 4.8671268 1.8112205 0 P 0
L 4.8671268 1.8112205 4.9360245 1.8112205 0 P 0
L 4.867127 1.6507874 4.867127 1.6734249 0 P 0
L 4.867127 1.6507874 4.9360247 1.6507874 0 P 0
L 4.867127 1.8545275 4.867127 1.9234252 0 P 0
L 4.867127 1.8545275 4.9360247 1.8545275 0 P 0
L 4.867127 1.9234252 4.867127 1.9923229 0 P 0
L 4.867127 1.9923229 4.9360247 1.9923229 0 P 0
L 4.8710631 3.4429134 4.8710631 3.5098426 0 P 0
L 4.8710631 3.4429134 4.9064961 3.4429134 0 P 0
L 4.8710631 3.5098426 4.9064961 3.5098426 0 P 0
L 4.8720472 0.9163385 4.8720472 1.0305117 0 P 0
L 4.8720472 0.9163385 4.9468504 0.9163385 0 P 0
L 4.8720472 1.0305117 4.9468504 1.0305117 0 P 0
L 4.8996073 2.4913584 4.8996073 2.5582876 0 P 0
L 4.9064961 3.4429134 4.9064961 3.5098426 0 P 0
L 4.9114274 4.1475989 4.9114274 4.3168903 0 P 0
L 4.9303161 2.0297244 4.9303161 2.1492126 0 P 0
L 4.9303161 2.1492126 5.2173239 2.1492126 0 P 0
L 4.9360245 1.6734251 4.9360247 1.6734249 0 P 0
L 4.9360245 1.6734251 5.0049222 1.6734251 0 P 0
L 4.9360245 1.8112205 5.0049222 1.8112205 0 P 0
L 4.9360247 1.6507874 4.9360247 1.6734249 0 P 0
L 4.9360247 1.8545275 5.0049224 1.8545275 0 P 0
L 4.9360247 1.9923229 5.0049224 1.9923229 0 P 0
L 4.9468504 0.9163385 4.9468504 1.0305117 0 P 0
L 4.9655523 1.9923228 4.9655523 2.1139764 0 P 0
L 4.9655523 2.1139764 5.1820877 2.1139764 0 P 0
L 5.0049222 1.6734251 5.0049222 1.7423228 0 P 0
L 5.0049222 1.6734251 5.0738199 1.6734251 0 P 0
L 5.0049222 1.7423228 5.0049222 1.8112205 0 P 0
L 5.0049222 1.8112205 5.0738199 1.8112205 0 P 0
L 5.0049224 1.8545275 5.0049224 1.9234252 0 P 0
L 5.0049224 1.8545275 5.0738201 1.8545275 0 P 0
L 5.0049224 1.9234252 5.0049224 1.9923229 0 P 0
L 5.0049224 1.9923229 5.0738201 1.9923229 0 P 0
L 5.0088583 0.964567 5.0088583 0.9960631 0 P 0
L 5.0088583 0.964567 5.0147638 0.9704725 0 P 0
L 5.0088583 0.964567 5.0147638 0.9704725 0 P 0
L 5.0088583 0.964567 5.0354331 0.964567 0 P 0
L 5.0088583 0.9960631 5.0147638 0.9901576 0 P 0
L 5.0088583 0.9960631 5.0147638 0.9901576 0 P 0
L 5.0088583 0.9960631 5.0354331 0.9960631 0 P 0
L 5.0088583 1.1023623 5.0088583 1.1338584 0 P 0
L 5.0088583 1.1023623 5.0147638 1.1082678 0 P 0
L 5.0088583 1.1023623 5.0147638 1.1082678 0 P 0
L 5.0088583 1.1023623 5.0354331 1.1023623 0 P 0
L 5.0088583 1.1338584 5.0147638 1.1279529 0 P 0
L 5.0088583 1.1338584 5.0147638 1.1279529 0 P 0
L 5.0088583 1.1338584 5.0354331 1.1338584 0 P 0
L 5.0088583 1.2401575 5.0088583 1.2716536 0 P 0
L 5.0088583 1.2401575 5.0147638 1.246063 0 P 0
L 5.0088583 1.2401575 5.0147638 1.246063 0 P 0
L 5.0088583 1.2401575 5.0354331 1.2401575 0 P 0
L 5.0088583 1.2716536 5.0147638 1.2657481 0 P 0
L 5.0088583 1.2716536 5.0147638 1.2657481 0 P 0
L 5.0088583 1.2716536 5.0354331 1.2716536 0 P 0
L 5.0147638 0.9704725 5.0147638 0.988189 0 P 0
L 5.0147638 0.9704725 5.0354331 0.9704725 0 P 0
L 5.0147638 0.988189 5.0147638 0.9901576 0 P 0
L 5.0147638 0.9901576 5.035433 0.9901576 0 P 0
L 5.0147638 1.1082678 5.0147638 1.1259843 0 P 0
L 5.0147638 1.1082678 5.0354331 1.1082678 0 P 0
L 5.0147638 1.1259843 5.0147638 1.1279529 0 P 0
L 5.0147638 1.1279529 5.035433 1.1279529 0 P 0
L 5.0147638 1.246063 5.0147638 1.2637795 0 P 0
L 5.0147638 1.246063 5.0354331 1.246063 0 P 0
L 5.0147638 1.2637795 5.0147638 1.2657481 0 P 0
L 5.0147638 1.2657481 5.035433 1.2657481 0 P 0
L 5.0295287 2.1035432 5.0295287 2.1139764 0 P 0
L 5.0295287 2.1035432 5.0344499 2.098622 0 P 0
L 5.0344499 2.098622 5.11319 2.098622 0 P 0
L 5.035433 0.9901576 5.0354331 0.9901575 0 P 0
L 5.035433 1.1279529 5.0354331 1.1279528 0 P 0
L 5.035433 1.2657481 5.0354331 1.265748 0 P 0
L 5.0354331 0.964567 5.0994094 0.964567 0 P 0
L 5.0354331 0.9704725 5.0994094 0.9704725 0 P 0
L 5.0354331 0.9901575 5.0984252 0.9901575 0 P 0
L 5.0354331 0.9960631 5.0994094 0.9960631 0 P 0
L 5.0354331 1.1023623 5.0994094 1.1023623 0 P 0
L 5.0354331 1.1082678 5.0994094 1.1082678 0 P 0
L 5.0354331 1.1279528 5.0984252 1.1279528 0 P 0
L 5.0354331 1.1338584 5.0994094 1.1338584 0 P 0
L 5.0354331 1.2401575 5.0994094 1.2401575 0 P 0
L 5.0354331 1.246063 5.0994094 1.246063 0 P 0
L 5.0354331 1.265748 5.0984252 1.265748 0 P 0
L 5.0354331 1.2716536 5.0994094 1.2716536 0 P 0
L 5.0738199 1.6734251 5.1427176 1.6734251 0 P 0
L 5.0738199 1.8112205 5.1427176 1.8112205 0 P 0
L 5.0738201 1.8545275 5.1427178 1.8545275 0 P 0
L 5.0738201 1.9923229 5.1427178 1.9923229 0 P 0
L 5.0984252 0.9901575 5.0994094 0.9891733 0 P 0
L 5.0994094 0.8917323 5.0994094 1.3444883 0 P 0
L 5.0994094 0.8917323 5.5255905 0.8917323 0 P 0
L 5.0994094 1.3444883 5.5255905 1.3444883 0 P 0
L 5.1092521 2.4163286 5.1092521 2.4911318 0 P 0
L 5.1092521 2.4163286 5.2312993 2.4163286 0 P 0
L 5.1092521 2.4911318 5.2312993 2.4911318 0 P 0
L 5.11319 2.098622 5.1181113 2.1035433 0 P 0
L 5.1148142 2.294685 5.1148142 2.3635826 0 P 0
L 5.1148142 2.294685 5.1541843 2.294685 0 P 0
L 5.1148142 2.3635826 5.1541843 2.3635826 0 P 0
L 5.1181113 2.1035433 5.1181113 2.1139764 0 P 0
L 5.1197356 2.1793406 5.1197356 2.2541438 0 P 0
L 5.1197356 2.1793406 5.2339088 2.1793406 0 P 0
L 5.1197356 2.2541438 5.2339088 2.2541438 0 P 0
L 5.1427166 3.7559155 5.1427166 3.8267816 0 P 0
L 5.1427166 3.7559155 5.2647638 3.7559155 0 P 0
L 5.1427166 3.8267816 5.2647638 3.8267816 0 P 0
L 5.1427176 1.6734251 5.1427176 1.7423228 0 P 0
L 5.1427176 1.6734251 5.2116153 1.6734251 0 P 0
L 5.1427176 1.7423228 5.1427176 1.8112205 0 P 0
L 5.1427176 1.8112205 5.2116153 1.8112205 0 P 0
L 5.1427178 1.8545275 5.1427178 1.9234252 0 P 0
L 5.1427178 1.8545275 5.2116155 1.8545275 0 P 0
L 5.1427178 1.9234252 5.1427178 1.9923229 0 P 0
L 5.1427178 1.9923229 5.2116155 1.9923229 0 P 0
L 5.1541843 2.294685 5.1541843 2.3635826 0 P 0
L 5.1564852 2.6712599 5.1564852 2.7342521 0 P 0
L 5.1564852 2.6712599 5.1879812 2.6712599 0 P 0
L 5.1564852 2.7342521 5.1879812 2.7342521 0 P 0
L 5.1663375 2.534449 5.1663375 2.569882 0 P 0
L 5.1663375 2.534449 5.2332667 2.534449 0 P 0
L 5.1663375 2.569882 5.2332667 2.569882 0 P 0
L 5.1820877 1.9923228 5.1820877 2.1139764 0 P 0
L 5.1879812 2.6712599 5.1879812 2.7342521 0 P 0
L 5.188643 2.2942912 5.188643 2.3612204 0 P 0
L 5.188643 2.2942912 5.224076 2.2942912 0 P 0
L 5.188643 2.3612204 5.224076 2.3612204 0 P 0
L 5.2116153 1.6734251 5.280513 1.6734251 0 P 0
L 5.2116153 1.8112205 5.280513 1.8112205 0 P 0
L 5.2116155 1.8545275 5.2805132 1.8545275 0 P 0
L 5.2116155 1.9923229 5.2805132 1.9923229 0 P 0
L 5.2173239 2.0297244 5.2173239 2.1492126 0 P 0
L 5.2173239 2.0297244 5.3513791 2.0297244 0 P 0
L 5.224076 2.2942912 5.224076 2.3612204 0 P 0
L 5.2273633 2.6692914 5.2273633 2.7362206 0 P 0
L 5.2273633 2.6692914 5.2627963 2.6692914 0 P 0
L 5.2273633 2.7362206 5.2627963 2.7362206 0 P 0
L 5.2312993 2.4163286 5.2312993 2.4911318 0 P 0
L 5.2332667 2.534449 5.2332667 2.569882 0 P 0
L 5.2339088 2.1793406 5.2339088 2.2541438 0 P 0
L 5.2627963 2.6692914 5.2627963 2.7362206 0 P 0
L 5.2647638 3.7559155 5.2647638 3.8267816 0 P 0
L 5.280513 1.6734251 5.280513 1.7423228 0 P 0
L 5.280513 1.7423228 5.280513 1.8112205 0 P 0
L 5.2805132 1.8545275 5.2805132 1.9234252 0 P 0
L 5.2805132 1.9234252 5.2805132 1.9923229 0 P 0
L 5.3336614 0.8720473 5.3336614 0.8917323 0 P 0
L 5.3336614 0.8720473 5.5255905 0.8720473 0 P 0
L 5.3336614 0.964567 5.3336614 1.2716536 0 P 0
L 5.3336614 0.964567 5.6220472 0.964567 0 P 0
L 5.3336614 1.0442914 5.5748032 1.0442914 0 P 0
L 5.3336614 1.1919292 5.5748032 1.1919292 0 P 0
L 5.3336614 1.2716536 5.6220472 1.2716536 0 P 0
L 5.3336614 1.3444883 5.3336614 1.3641733 0 P 0
L 5.3336614 1.3641733 5.5255905 1.3641733 0 P 0
L 5.3507975 3.5325523 5.3507975 3.6327891 0 P 0
L 5.3507975 3.5325523 5.4019783 3.5325523 0 P 0
L 5.3507975 3.6327891 5.4019783 3.6327891 0 P 0
L 5.3513791 1.6360236 5.3513791 2.0297244 0 P 0
L 5.382874 1.0442914 5.382874 1.1919292 0 P 0
L 5.382874 1.1033465 5.4330708 1.1033465 0 P 0
L 5.382874 1.1122048 5.4714567 1.1122048 0 P 0
L 5.382874 1.1240158 5.4714567 1.1240158 0 P 0
L 5.382874 1.1328741 5.4330709 1.1328741 0 P 0
L 5.4019783 3.5325523 5.4019783 3.6327891 0 P 0
L 5.4330708 1.1033465 5.4330709 1.1033466 0 P 0
L 5.4330708 1.1033465 5.4714566 1.1033465 0 P 0
L 5.4330709 1.1328741 5.4714567 1.1328741 0 P 0
L 5.4714566 1.1033465 5.4803149 1.1122048 0 P 0
L 5.4714567 1.1033466 5.4714567 1.1328741 0 P 0
L 5.4714567 1.1240158 5.4714568 1.1240159 0 P 0
L 5.4714567 1.1328741 5.4803149 1.1240159 0 P 0
L 5.4803149 1.1122048 5.4803149 1.1181103 0 P 0
L 5.4803149 1.1181103 5.4803149 1.1240159 0 P 0
L 5.5255905 0.8720473 5.5255905 0.8917323 0 P 0
L 5.5255905 0.8917323 5.5403543 0.8917323 0 P 0
L 5.5255905 1.3444883 5.5255905 1.3641733 0 P 0
L 5.5255905 1.3444883 5.5403543 1.3444883 0 P 0
L 5.5403543 0.8917323 5.5403543 0.964567 0 P 0
L 5.5403543 1.2716536 5.5403543 1.3444883 0 P 0
L 5.5413386 1.0442914 5.5413386 1.1919292 0 P 0
L 5.5748032 1.0442914 5.5846457 1.0541339 0 P 0
L 5.5748032 1.1919292 5.5846457 1.1820867 0 P 0
L 5.5846457 1.0541339 5.5846457 1.1820867 0 P 0
L 5.6220472 0.964567 5.6220472 1.2716536 0 P 0
P 3.6820482 4.7019185 2 P 0 0
S P 0
OB 3.0736561 4.4566931 I
OS 3.0834928 4.4566927
OS 3.0834953 4.4251967
OS 3.0736523 4.4251971
OS 3.0736561 4.4566931
OE
SE
S P 0
OB 3.0736561 4.2873918 I
OS 3.0834928 4.2873914
OS 3.0834953 4.2558954
OS 3.0736523 4.2558958
OS 3.0736561 4.2873918
OE
SE
S P 0
OB 3.0736561 4.1181004 I
OS 3.0834928 4.1181
OS 3.0834953 4.086604
OS 3.0736523 4.0866044
OS 3.0736561 4.1181004
OE
SE
S P 0
OB 4.185039 4.6013822 I
OS 4.1850394 4.6112189
OS 4.2165354 4.6112214
OS 4.216535 4.6013784
OS 4.185039 4.6013822
OE
SE
S P 0
OB 4.7046051 2.6732327 I
OS 4.7046055 2.6830694
OS 4.7361015 2.6830719
OS 4.7361011 2.6732289
OS 4.7046051 2.6732327
OE
SE
S P 0
OB 3.9378725 2.6732327 I
OS 3.9378729 2.6830694
OS 3.9693689 2.6830719
OS 3.9693685 2.6732289
OS 3.9378725 2.6732327
OE
SE
S P 0
OB 3.1711399 2.6732327 I
OS 3.1711403 2.6830694
OS 3.2026363 2.6830719
OS 3.2026359 2.6732289
OS 3.1711399 2.6732327
OE
SE
S P 0
OB 2.4044093 2.6732327 I
OS 2.4044097 2.6830694
OS 2.4359057 2.6830719
OS 2.4359053 2.6732289
OS 2.4044093 2.6732327
OE
SE
S P 0
OB 5.156485 2.6732327 I
OS 5.1564854 2.6830694
OS 5.1879814 2.6830719
OS 5.187981 2.6732289
OS 5.156485 2.6732327
OE
SE
S P 0
OB 4.3897524 2.6732327 I
OS 4.3897528 2.6830694
OS 4.4212488 2.6830719
OS 4.4212484 2.6732289
OS 4.3897524 2.6732327
OE
SE
S P 0
OB 3.6230198 2.6732327 I
OS 3.6230202 2.6830694
OS 3.6545162 2.6830719
OS 3.6545158 2.6732289
OS 3.6230198 2.6732327
OE
SE
S P 0
OB 2.8562892 2.6732327 I
OS 2.8562896 2.6830694
OS 2.8877856 2.6830719
OS 2.8877852 2.6732289
OS 2.8562892 2.6732327
OE
SE
S P 0
OB 4.6043264 3.7450786 I
OS 4.5944897 3.745079
OS 4.5944872 3.776575
OS 4.6043302 3.7765746
OS 4.6043264 3.7450786
OE
SE
S P 0
OB 2.9238288 3.293317 I
OS 2.9238288 3.3061123
OS 2.998632 3.3061123
OS 2.998632 3.293317
OS 2.9238288 3.293317
OE
SE
S P 0
OB 2.9980315 1.027559 I
OS 2.9980315 1.0147637
OS 2.9232283 1.0147637
OS 2.9232283 1.027559
OS 2.9980315 1.027559
OE
SE
S P 0
OB 2.9513879 3.5275789 I
OS 2.9641832 3.5275789
OS 2.9641832 3.4527757
OS 2.9513879 3.4527757
OS 2.9513879 3.5275789
OE
SE
S P 0
OB 2.9232381 1.2165355 I
OS 2.9232381 1.2293308
OS 2.9980413 1.2293308
OS 2.9980413 1.2165355
OS 2.9232381 1.2165355
OE
SE
S P 0
OB 4.9468504 1.0305117 I
OS 4.9468504 1.0177164
OS 4.8720472 1.0177164
OS 4.8720472 1.0305117
OS 4.9468504 1.0305117
OE
SE
S P 0
OB 5.1197356 2.2541438 I
OS 5.1325309 2.2541438
OS 5.1325309 2.1793406
OS 5.1197356 2.1793406
OS 5.1197356 2.2541438
OE
SE
S P 0
OB 4.353003 2.2541438 I
OS 4.3657983 2.2541438
OS 4.3657983 2.1793406
OS 4.353003 2.1793406
OS 4.353003 2.2541438
OE
SE
S P 0
OB 3.5862704 2.2541438 I
OS 3.5990657 2.2541438
OS 3.5990657 2.1793406
OS 3.5862704 2.1793406
OS 3.5862704 2.2541438
OE
SE
S P 0
OB 2.8189076 2.2541438 I
OS 2.8317029 2.2541438
OS 2.8317029 2.1793406
OS 2.8189076 2.1793406
OS 2.8189076 2.2541438
OE
SE
S P 0
OB 4.7470385 1.8592519 I
OS 4.7470385 1.8464566
OS 4.6722353 1.8464566
OS 4.6722353 1.8592519
OS 4.7470385 1.8592519
OE
SE
S P 0
OB 3.9803059 1.8592519 I
OS 3.9803059 1.8464566
OS 3.9055027 1.8464566
OS 3.9055027 1.8592519
OS 3.9803059 1.8592519
OE
SE
S P 0
OB 3.2135733 1.8592519 I
OS 3.2135733 1.8464566
OS 3.1387701 1.8464566
OS 3.1387701 1.8592519
OS 3.2135733 1.8592519
OE
SE
S P 0
OB 2.4468407 1.8592519 I
OS 2.4468407 1.8464566
OS 2.3720375 1.8464566
OS 2.3720375 1.8592519
OS 2.4468407 1.8592519
OE
SE
S P 0
OB 3.3925098 4.8306692 I
OS 3.3690848 4.8306673
OS 3.3690454 4.9606673
OS 3.3925098 4.9606692
OS 3.3925098 4.8306692
OE
SE
S P 0
OB 3.4204724 4.960679 I
OS 3.4438974 4.9606809
OS 3.4439368 4.8306809
OS 3.4204724 4.830679
OS 3.4204724 4.960679
OE
SE
S P 0
OB 4.4683207 4.6663484 I
OS 4.4397774 4.6663484
OS 4.4683207 4.6948917
OS 4.4683207 4.6663484
OE
SE
